GENE	p_val	avg_logFC	pct.1	pct.2	p_val_adj
MAN1A2	0.001051522	2.654403737	0.9	0.167	1
BAZ1B	0.002215663	1.785909783	0.7	0.083	1
GLMN	0.002215663	1.556166301	0.7	0.083	1
ITGB7	0.002852537	2.239843171	0.7	0.083	1
ACP1	0.002852537	1.267516753	0.7	0.083	1
ATXN7L3.1	0.002860273	1.03184853	0.6	0	1
OPTN	0.002860273	0.88269521	0.6	0	1
RLF	0.002860273	0.718931721	0.6	0	1
NAA25	0.002860273	0.699048178	0.6	0	1
PBRM1	0.003454886	1.900839509	0.8	0.25	1
BCLAF1	0.004647884	1.692087489	1	0.5	1
SLC38A5	0.0046517	1.149448433	0.7	0.083	1
SRSF11	0.004949342	0.373530161	1	0.667	1
SRSF4	0.005565883	0.978478363	0.8	0.167	1
SNX6	0.006236553	1.259491991	0.8	0.333	1
RBBP4	0.006673948	1.280108739	0.8	0.25	1
THRAP3	0.006884323	1.095292375	0.9	0.417	1
TRAPPC3	0.006930396	1.689806425	0.7	0.167	1
SMC4	0.006930396	1.446103426	0.7	0.167	1
YIPF5	0.006930396	1.144103319	0.7	0.167	1
MYOA	0.007423396	1.360077757	0.7	0.083	1
UBXN4	0.007556441	1.387154367	0.6	0.083	1
C3H7ORF23	0.007556441	0.977689275	0.6	0.083	1
RNF10	0.007556441	0.971903338	0.6	0.083	1
TERF1	0.007556441	0.932338852	0.6	0.083	1
OS9	0.007556441	0.786966946	0.6	0.083	1
SDAD1	0.008075403	1.881129053	0.5	0	1
SMARCAD1	0.008075403	1.362236868	0.5	0	1
NCAPD2	0.008075403	1.358643428	0.5	0	1
ABCE1	0.008075403	1.221509201	0.5	0	1
MGAT4A	0.008075403	1.202315901	0.5	0	1
TRIM11	0.008075403	1.184748677	0.5	0	1
LRRC8C	0.008075403	1.096800579	0.5	0	1
PRIMPOL	0.008075403	1.078599453	0.5	0	1
N4BP2	0.008075403	0.971343286	0.5	0	1
GALNT7	0.008075403	0.827549137	0.5	0	1
NUP155	0.008075403	0.736428578	0.5	0	1
BPHL	0.008075403	0.730507986	0.5	0	1
E2F2	0.008075403	0.600416071	0.5	0	1
STARD3NL	0.008075403	0.596093131	0.5	0	1
RC3H1	0.008075403	0.585385137	0.5	0	1
XPO5	0.008075403	0.464519799	0.5	0	1
PRUNE	0.008075403	0.377429053	0.5	0	1
MTIF2	0.008075403	0.356791344	0.5	0	1
DDX59	0.008075403	0.345275721	0.5	0	1
THOC2	0.00858127	1.131821369	0.8	0.167	1
MIA3	0.00930239	0.730963657	0.7	0.083	1
MTMR14	0.009554953	1.851125496	0.6	0.083	1
RABGAP1L	0.009554953	1.796707586	0.6	0.083	1
AP1S2	0.009554953	1.697352839	0.6	0.083	1
RBPJ	0.009554953	1.153914812	0.6	0.083	1
TTC1	0.009554953	1.022416551	0.6	0.083	1
IFI27L2	0.011038219	0.948010475	1	0.75	1
CSK	0.011594737	0.353843893	0.7	0.083	1
DMXL1	0.012011953	2.086449238	0.6	0.083	1
EHMT2	0.012011953	1.79709919	0.6	0.083	1
DNM1L	0.012373422	1.407892818	0.8	0.25	1
RBM25	0.012678682	1.077832475	0.8	0.417	1
S100A4	0.012891299	0.409357758	1	0.583	1
SUDS3	0.013203281	1.24091034	0.7	0.167	1
FBXL5	0.013203281	1.166779097	0.7	0.167	1
DDX39B	0.01396712	1.799730583	0.8	0.333	1
RORA	0.014354013	2.493181369	0.7	0.25	1
ZFAND6	0.014354013	1.819048581	0.7	0.25	1
FAM133B	0.014456451	0.638464088	1	0.417	1
MRPS18A	0.015013488	1.389523678	0.6	0.083	1
FKBP3	0.015013488	1.219424353	0.6	0.083	1
SNX1	0.015013488	0.891891023	0.6	0.083	1
PDHB	0.015013488	0.868162197	0.6	0.083	1
ACTA1	0.015013488	0.296859933	0.6	0.083	1
YBX1	0.015062238	1.246787054	1	0.5	1
AFTPH	0.015974143	1.34584204	0.6	0.167	1
C6ORF125	0.015974143	1.096329092	0.6	0.167	1
CPSF1	0.016205183	1.551572059	0.7	0.167	1
CDV3	0.0184687	0.771147069	0.8	0.417	1
GOLGA4	0.018566062	1.028851404	1	0.583	1
HECTD1	0.018657014	0.94734509	0.6	0.083	1
IBTK	0.018657014	0.887236059	0.6	0.083	1
BLM	0.018657014	0.711918539	0.6	0.083	1
ZMYND11	0.018657014	0.703186012	0.6	0.083	1
RARS	0.019791142	0.96741426	0.7	0.167	1
HP1BP3	0.019791142	0.526820101	0.7	0.167	1
CCNK	0.019791142	0.450274357	0.7	0.167	1
DMTF1	0.019791142	0.414841797	0.7	0.167	1
SDF4	0.019791142	0.410457679	0.7	0.167	1
MSN	0.020361283	1.255375159	0.8	0.333	1
UBE3A	0.021299108	2.625082621	0.4	0	1
IL2RA	0.021299108	2.049580322	0.4	0	1
TACC3	0.021299108	1.876769588	0.4	0	1
DDX20	0.021299108	1.716164749	0.4	0	1
CPT2	0.021299108	1.574244911	0.4	0	1
ST7L	0.021299108	1.391243627	0.4	0	1
IMP3	0.021299108	1.365562965	0.4	0	1
TFB2M	0.021299108	1.305606884	0.4	0	1
VIMP	0.021299108	1.290283076	0.4	0	1
SYTL1	0.021299108	1.233592306	0.4	0	1
SDCCAG8	0.021299108	1.166966164	0.4	0	1
SCFD1	0.021299108	1.142157676	0.4	0	1
FAM55C	0.021299108	1.133000288	0.4	0	1
LATS1	0.021299108	1.051894742	0.4	0	1
KLHL21	0.021299108	1.030826909	0.4	0	1
MANF	0.021299108	0.940065646	0.4	0	1
TAOK3	0.021299108	0.931910441	0.4	0	1
MAP7D1	0.021299108	0.881653778	0.4	0	1
ORC1	0.021299108	0.865607913	0.4	0	1
RPAP1	0.021299108	0.857798554	0.4	0	1
SFXN1	0.021299108	0.854218339	0.4	0	1
HEATR5A	0.021299108	0.842560159	0.4	0	1
CCPG1	0.021299108	0.826686683	0.4	0	1
UPF3B	0.021299108	0.760865243	0.4	0	1
SLC15A4	0.021299108	0.752606886	0.4	0	1
MIER3	0.021299108	0.75187826	0.4	0	1
TMOD3	0.021299108	0.75100503	0.4	0	1
POP7	0.021299108	0.738600838	0.4	0	1
OSGEP	0.021299108	0.700984857	0.4	0	1
ADPRHL2	0.021299108	0.689551654	0.4	0	1
TSPAN31	0.021299108	0.65292746	0.4	0	1
REEP4	0.021299108	0.646816363	0.4	0	1
TSNAX	0.021299108	0.604703824	0.4	0	1
GLRX5	0.021299108	0.598282713	0.4	0	1
HMGB3	0.021299108	0.591106391	0.4	0	1
CDAN1	0.021299108	0.587903276	0.4	0	1
GNAI3	0.021299108	0.57470821	0.4	0	1
BRD8	0.021299108	0.560990728	0.4	0	1
PTPN4	0.021299108	0.538130687	0.4	0	1
NVL	0.021299108	0.519183374	0.4	0	1
RMDN1	0.021299108	0.509119591	0.4	0	1
WDR37	0.021299108	0.434101928	0.4	0	1
PYGO2	0.021299108	0.427956306	0.4	0	1
FANCI	0.021299108	0.362644761	0.4	0	1
U6.951	0.021299108	0.359865446	0.4	0	1
MORC3	0.021299108	0.346870867	0.4	0	1
CSPP1	0.021299108	0.341300965	0.4	0	1
NUP54	0.021299108	0.328743299	0.4	0	1
ARIH2	0.021299108	0.304941076	0.4	0	1
ELF4	0.021299108	0.304586567	0.4	0	1
OSBPL3	0.021299108	0.303018064	0.4	0	1
UBE4B	0.021299108	0.277625277	0.4	0	1
NAP1L1	0.022148149	0.858286634	0.9	0.667	1
X4.Sep	0.022529962	0.8831611	1	0.667	1
DENND2D	0.023051827	1.218471549	0.6	0.083	1
LARP1	0.023051827	0.407419928	0.6	0.083	1
DNAJC13	0.023051827	0.340896201	0.6	0.083	1
PI4KB	0.023312118	1.847667202	0.5	0.083	1
NRD1	0.023312118	1.641970567	0.5	0.083	1
HIST1H4K.2	0.023312118	1.402619903	0.5	0.083	1
SUMO3	0.023312118	0.979355965	0.5	0.083	1
C11H12ORF29	0.023312118	0.714643911	0.5	0.083	1
ADD1	0.023312118	0.559233371	0.5	0.083	1
DOCK5	0.023312118	0.444518542	0.5	0.083	1
ENSA	0.023312118	0.286181459	0.5	0.083	1
TAF15	0.023312118	0.263872043	0.5	0.083	1
NBN	0.024051424	1.975492734	0.7	0.167	1
CSNK1A1	0.024051424	0.254778194	0.7	0.167	1
AHCTF1	0.025598106	1.356300843	0.7	0.25	1
SNX4	0.025598106	0.909816583	0.7	0.25	1
RSRC2	0.025782605	0.496830495	0.9	0.417	1
SETD2	0.026452714	1.33926072	0.9	0.333	1
SRSF7	0.026452714	1.313316796	0.9	0.333	1
SLC25A3	0.026452714	1.000850099	0.9	0.333	1
ARID1A	0.026452714	0.64731737	0.9	0.333	1
ST8SIA4	0.027811539	-1.596251305	0	0.417	1
HIST1H1C	0.028319258	0.420050497	0.6	0.083	1
CELF6	0.028319258	0.3947433	0.6	0.083	1
CGGBP1	0.028319258	-0.649187712	0.6	0.083	1
PLCB2	0.028319258	-0.707581624	0.6	0.083	1
AMY2A	0.028942409	2.049871018	0.5	0.083	1
TTF2	0.028942409	1.920743787	0.5	0.083	1
LRPPRC	0.028942409	1.681980562	0.5	0.083	1
KIF3A	0.028942409	1.527245473	0.5	0.083	1
MRPS35	0.028942409	1.291799748	0.5	0.083	1
TRAPPC11	0.028942409	1.072260022	0.5	0.083	1
TMEM181	0.028942409	0.625524419	0.5	0.083	1
IRF2	0.029085221	0.833469365	0.7	0.167	1
XRN1	0.02917321	-1.83696397	0.4	0.667	1
ASCC3	0.029255309	1.749820346	0.6	0.167	1
RNF216	0.029255309	0.700328594	0.6	0.167	1
PDS5A	0.030753561	0.926732956	0.7	0.25	1
WBP11	0.030753561	0.698113951	0.7	0.25	1
YTHDC1	0.031146935	0.512641557	1	0.583	1
BLOC1S1	0.034695411	0.682713685	0.8	0.333	1
PHF14	0.035000531	2.185953314	0.6	0.25	1
TBC1D1	0.035418873	0.919776444	0.6	0.167	1
UBE2D2	0.035418873	0.700626079	0.6	0.167	1
STRN	0.035706004	1.517584986	0.5	0.083	1
WHSC1	0.035706004	1.10882899	0.5	0.083	1
KCNAB2	0.035706004	0.89362746	0.5	0.083	1
PFDN1	0.035706004	0.80367086	0.5	0.083	1
KMT2D	0.035706004	0.77374486	0.5	0.083	1
LAMTOR3	0.035706004	0.674255196	0.5	0.083	1
COPS6	0.036776311	0.982214938	0.7	0.25	1
HNRNPD	0.037258921	1.153604782	0.8	0.417	1
GNB2L1	0.037580776	0.596426386	1	0.75	1
DNAJC8	0.037658289	0.56540106	0.8	0.25	1
REEP5	0.041913802	1.361194939	0.6	0.25	1
TNFRSF25	0.042657858	1.20714994	0.6	0.167	1
MITD1	0.042657858	0.864005101	0.6	0.167	1
CCM2	0.042657858	0.69214634	0.6	0.167	1
RAB24	0.043773914	1.490656128	0.5	0.083	1
TM2D1	0.043773914	1.056112278	0.5	0.083	1
BCAP29	0.043773914	0.920857353	0.5	0.083	1
SOS2	0.043773914	0.868254118	0.5	0.083	1
KIAA1143	0.043773914	0.661970179	0.5	0.083	1
VPS13B	0.043775885	2.479132139	0.7	0.25	1
NUP210	0.043775885	1.290804228	0.7	0.25	1
SARS	0.043775885	0.82543229	0.7	0.25	1
IKBKE	0.043944139	1.081554759	0.9	0.333	1
BAZ2A	0.049949323	1.832111077	0.6	0.25	1
BIRC6	0.050085648	0.369659169	0.9	0.417	1
IPO9	0.050746555	1.646395745	0.5	0.167	1
RALGAPA1	0.050746555	1.490041468	0.5	0.167	1
OCIAD1	0.050746555	1.336066278	0.5	0.167	1
REST	0.050746555	1.161298494	0.5	0.167	1
SNRNP200	0.050746555	1.036351036	0.5	0.167	1
UBA3	0.050746555	0.600180473	0.5	0.167	1
PYHIN1	0.051110327	1.126616053	0.6	0.167	1
SFT2D1	0.051110327	1.01211802	0.6	0.167	1
MXD1	0.051110327	0.703206382	0.6	0.167	1
PKN2	0.051110327	0.505941068	0.6	0.167	1
NOL7	0.051110327	0.461599107	0.6	0.167	1
BRE	0.051110327	-0.412715116	0.6	0.167	1
USP34	0.052526995	1.73002456	0.7	0.417	1
CYFIP1	0.05321598	1.986054846	0.3	0	1
KLHL18	0.05321598	1.970668496	0.3	0	1
PARP15	0.05321598	1.942913109	0.3	0	1
HSD17B8	0.05321598	1.771798362	0.3	0	1
GPR113	0.05321598	1.666035442	0.3	0	1
ACAA1	0.05321598	1.534095562	0.3	0	1
RRNAD1	0.05321598	1.464636007	0.3	0	1
UBE2H	0.05321598	1.393455628	0.3	0	1
TSC22D2	0.05321598	1.377404432	0.3	0	1
PWP2	0.05321598	1.324478733	0.3	0	1
ARV1	0.05321598	1.175503988	0.3	0	1
RAD51AP1	0.05321598	1.16179246	0.3	0	1
TADA1	0.05321598	1.16143241	0.3	0	1
RPP40	0.05321598	1.124582425	0.3	0	1
PGM1	0.05321598	1.085519353	0.3	0	1
PANK4	0.05321598	1.061799548	0.3	0	1
SLA	0.05321598	1.056922288	0.3	0	1
AGPAT6	0.05321598	1.035416121	0.3	0	1
LGALS8	0.05321598	1.031853204	0.3	0	1
DUSP4	0.05321598	1.029797395	0.3	0	1
SNIP1	0.05321598	1.015801809	0.3	0	1
FAM60A	0.05321598	1.015461351	0.3	0	1
PHACTR4	0.05321598	0.991794244	0.3	0	1
PLK1	0.05321598	0.987422627	0.3	0	1
SOCS4	0.05321598	0.980222639	0.3	0	1
TARS	0.05321598	0.913591827	0.3	0	1
KIF15	0.05321598	0.878450384	0.3	0	1
TPRG1	0.05321598	0.829175315	0.3	0	1
SOAT1	0.05321598	0.824597023	0.3	0	1
TSGA14	0.05321598	0.81559632	0.3	0	1
CHFR	0.05321598	0.784526382	0.3	0	1
NUF2	0.05321598	0.778620138	0.3	0	1
UBR7	0.05321598	0.776787552	0.3	0	1
CUL1	0.05321598	0.767588348	0.3	0	1
SNX8	0.05321598	0.759991551	0.3	0	1
C11H12ORF23	0.05321598	0.75297416	0.3	0	1
MPP5	0.05321598	0.74879009	0.3	0	1
CDK2AP1	0.05321598	0.736979075	0.3	0	1
OGFOD2	0.05321598	0.712566777	0.3	0	1
LINS	0.05321598	0.709118691	0.3	0	1
RPUSD3	0.05321598	0.695673724	0.3	0	1
ZNF384	0.05321598	0.680913397	0.3	0	1
ZBTB11	0.05321598	0.677795092	0.3	0	1
NME6	0.05321598	0.67664328	0.3	0	1
RRAGC	0.05321598	0.671115269	0.3	0	1
ZNHIT6	0.05321598	0.656005499	0.3	0	1
CMTM7	0.05321598	0.655602557	0.3	0	1
CIT	0.05321598	0.637005373	0.3	0	1
LRRC8B	0.05321598	0.632543508	0.3	0	1
THUMPD2	0.05321598	0.625766912	0.3	0	1
TMEM63A	0.05321598	0.62304736	0.3	0	1
PIAS3	0.05321598	0.613653556	0.3	0	1
PDXK	0.05321598	0.613071651	0.3	0	1
KIAA1524	0.05321598	0.59947183	0.3	0	1
CLIC4	0.05321598	0.596848845	0.3	0	1
CNNM3	0.05321598	0.578800268	0.3	0	1
ETAA1	0.05321598	0.570328228	0.3	0	1
ETNK1	0.05321598	0.565067018	0.3	0	1
RIT1	0.05321598	0.518903625	0.3	0	1
STX1A	0.05321598	0.517791213	0.3	0	1
CAMSAP1L1	0.05321598	0.513764367	0.3	0	1
PPM1B	0.05321598	0.511559058	0.3	0	1
PLEC	0.05321598	0.507354354	0.3	0	1
IL1RAP	0.05321598	0.503179933	0.3	0	1
VAMP1	0.05321598	0.501918979	0.3	0	1
TRPS1	0.05321598	0.501517368	0.3	0	1
CTPS	0.05321598	0.496938957	0.3	0	1
FAM98A	0.05321598	0.482196505	0.3	0	1
FAHD2B	0.05321598	0.480757453	0.3	0	1
MKRN1	0.05321598	0.47911841	0.3	0	1
U4.75	0.05321598	0.476917276	0.3	0	1
ZDHHC4	0.05321598	0.468675377	0.3	0	1
CARD6	0.05321598	0.458774261	0.3	0	1
PAICS	0.05321598	0.456277073	0.3	0	1
AMMECR1	0.05321598	0.43865228	0.3	0	1
NUDCD2	0.05321598	0.433404786	0.3	0	1
CLK2	0.05321598	0.431067269	0.3	0	1
TSR2	0.05321598	0.425882693	0.3	0	1
PML	0.05321598	0.418482548	0.3	0	1
LAMP2	0.05321598	0.415383721	0.3	0	1
SNUPN	0.05321598	0.414501171	0.3	0	1
ATP6V1D	0.05321598	0.405756513	0.3	0	1
TTBK2	0.05321598	0.388828432	0.3	0	1
HIST2H3D	0.05321598	0.380784233	0.3	0	1
APITD1	0.05321598	0.377719478	0.3	0	1
SPR	0.05321598	0.368401514	0.3	0	1
KATNBL1	0.05321598	0.36697911	0.3	0	1
ABCF3	0.05321598	0.359978329	0.3	0	1
FAM193A	0.05321598	0.35567435	0.3	0	1
ORC3	0.05321598	0.352642344	0.3	0	1
NIPA2	0.05321598	0.335162391	0.3	0	1
PLEKHA2	0.05321598	0.333030254	0.3	0	1
snoU13.6	0.05321598	0.331115087	0.3	0	1
PINX1	0.05321598	0.327370432	0.3	0	1
ASH2L	0.05321598	0.326479388	0.3	0	1
CARD11	0.05321598	0.326185683	0.3	0	1
KHK	0.05321598	0.321192342	0.3	0	1
ENO2	0.05321598	0.318568839	0.3	0	1
YIPF1	0.05321598	0.305581341	0.3	0	1
HIST2H3D.1	0.05321598	0.302472582	0.3	0	1
DNAJC17	0.05321598	0.298025304	0.3	0	1
USP30	0.05321598	0.29577835	0.3	0	1
STXBP5	0.05321598	0.294829789	0.3	0	1
YTHDF3	0.05321598	0.29039541	0.3	0	1
ROCK2	0.05321598	0.280661163	0.3	0	1
MOCS2	0.05321598	0.277708826	0.3	0	1
ST3GAL5	0.05321598	0.273418472	0.3	0	1
PPP2R5D	0.05321598	0.262075591	0.3	0	1
ELMOD3	0.05321598	0.254996679	0.3	0	1
TMEM131	0.053330025	0.673922214	0.5	0.083	1
OXSR1	0.053330025	0.646214226	0.5	0.083	1
MRPL37	0.053330025	0.520481049	0.5	0.083	1
LPCAT3	0.053330025	0.398211609	0.5	0.083	1
VPS54	0.053330025	0.38785736	0.5	0.083	1
ARHGAP26	0.053330025	0.361772702	0.5	0.083	1
USP33	0.053330025	0.336136997	0.5	0.083	1
TUBA1B	0.053435653	1.0834067	0.9	0.583	1
FYB	0.053435653	0.532081481	0.9	0.583	1
RNASET2	0.056042983	-0.763461265	0	0.333	1
BEX1	0.056042983	-1.1911678	0	0.333	1
DDX1	0.056363034	0.83373794	0.6	0.333	1
BOD1L1	0.056888294	0.965262103	0.8	0.333	1
ZNF644	0.058534686	1.272201965	0.9	0.417	1
AKAP13	0.05876649	1.249801202	0.9	0.667	1
TMSB10	0.060140095	0.705409053	1	0.833	1
VPS28	0.060922149	1.062599994	0.6	0.167	1
PPTC7	0.060922149	0.930115101	0.6	0.167	1
PPP2CA	0.060922149	0.890035203	0.6	0.167	1
COPZ1	0.060922149	0.619681114	0.6	0.167	1
RBBP4.1	0.060922149	0.513040229	0.6	0.167	1
IL16	0.060947337	1.319725645	0.5	0.167	1
PSMC2	0.060947337	1.003888913	0.5	0.167	1
ZNF326	0.060947337	0.911396233	0.5	0.167	1
SMEK2	0.060947337	0.282253511	0.5	0.167	1
ZNF800	0.061876965	1.889537327	0.7	0.333	1
ATP5C1	0.061876965	0.879907517	0.7	0.333	1
FAM49B	0.061876965	0.874376442	0.7	0.333	1
CAMLG	0.061876965	0.822168038	0.7	0.333	1
GABARAP	0.061876965	0.373640023	0.7	0.333	1
BHLHE40	0.061876965	-1.552210929	0.3	0.667	1
RBM5	0.063184322	0.91478586	0.8	0.5	1
TTLL13	0.064569291	0.334405177	0.5	0.083	1
VRK1	0.064569291	0.331922343	0.5	0.083	1
PPP2R5E	0.064569291	0.29480082	0.5	0.083	1
ABHD16A	0.064569291	-0.318970883	0.5	0.083	1
KIAA2018	0.064569291	-0.341853717	0.5	0.083	1
DDHD2	0.064569291	-0.697460327	0.5	0.083	1
CAPZA1	0.065378181	0.784239352	0.8	0.583	1
BAP1	0.065656507	2.568499015	0.4	0.083	1
OXR1	0.065656507	2.230401191	0.4	0.083	1
FANCM	0.065656507	1.493546587	0.4	0.083	1
TBRG4	0.065656507	1.474293451	0.4	0.083	1
MRPL22	0.065656507	1.352829651	0.4	0.083	1
ZNF622	0.065656507	1.080552277	0.4	0.083	1
UBE2D4	0.065656507	0.999519874	0.4	0.083	1
PTCD1	0.065656507	0.973892385	0.4	0.083	1
RAD17	0.065656507	0.964292911	0.4	0.083	1
SIKE1	0.065656507	0.893288729	0.4	0.083	1
TMEM30A	0.065656507	0.874274936	0.4	0.083	1
MCTS1	0.065656507	0.844909906	0.4	0.083	1
TULP4	0.065656507	0.80617971	0.4	0.083	1
PMVK	0.065656507	0.787394412	0.4	0.083	1
NEDD4	0.065656507	0.722795894	0.4	0.083	1
TFE3	0.065656507	0.671299948	0.4	0.083	1
NUP37	0.065656507	0.660807062	0.4	0.083	1
ABHD11	0.065656507	0.658004354	0.4	0.083	1
TLE3	0.065656507	0.584481386	0.4	0.083	1
NOL10	0.065656507	0.576380369	0.4	0.083	1
ANKRD39	0.065656507	0.525838373	0.4	0.083	1
SAP130	0.065656507	0.466386967	0.4	0.083	1
RNF139	0.065656507	0.43963387	0.4	0.083	1
SF3B4	0.065656507	0.297723402	0.4	0.083	1
LACTB	0.065656507	0.292081556	0.4	0.083	1
KLHDC3	0.069917747	1.103664062	0.6	0.25	1
NSD1	0.069917747	1.061625334	0.6	0.25	1
HUWE1	0.070335137	1.45844763	0.8	0.417	1
MORF4L1	0.070335137	0.632099683	0.8	0.417	1
TC2N	0.071828156	0.958223829	0.7	0.25	1
HCLS1	0.071828156	0.741881925	0.7	0.25	1
ATF7IP	0.071828156	0.722170015	0.7	0.25	1
UPF2	0.071828156	0.68254365	0.7	0.25	1
CCNI	0.071828156	0.445238668	0.7	0.25	1
PA2G4	0.072147764	0.966574775	0.9	0.583	1
ANKIB1	0.072245525	1.141785816	0.6	0.167	1
TNFRSF18	0.072245525	0.983464515	0.6	0.167	1
SPG11	0.072245525	0.737914925	0.6	0.167	1
RAB11FIP1	0.072245525	0.717666954	0.6	0.167	1
SELL	0.072245525	0.485895748	0.6	0.167	1
CCT6A	0.072245525	0.442212591	0.6	0.167	1
SF3B5	0.072245525	-1.337012796	0.2	0.5	1
CHURC1	0.072791169	0.890034746	0.5	0.167	1
DHX29	0.072791169	0.663783243	0.5	0.167	1
RDBP	0.072791169	0.452631549	0.5	0.167	1
GPR89B	0.072791169	0.418932252	0.5	0.167	1
DYNC1H1	0.075789404	0.635653384	0.8	0.583	1
LEMD3	0.077695261	-2.212288167	0.1	0.417	1
CD2	0.079720088	0.774292653	1	0.667	1
GALM	0.079951367	1.412810357	0.4	0.083	1
CLSPN	0.079951367	1.300461309	0.4	0.083	1
TNPO1	0.079951367	1.138569666	0.4	0.083	1
G2E3	0.079951367	0.976051658	0.4	0.083	1
MRPL42	0.079951367	0.969961226	0.4	0.083	1
WBP1	0.079951367	0.967162428	0.4	0.083	1
VPS8	0.079951367	0.883594841	0.4	0.083	1
ELL2	0.079951367	0.860905107	0.4	0.083	1
POR	0.079951367	0.770583042	0.4	0.083	1
MYSM1	0.079951367	0.695714186	0.4	0.083	1
IRF4	0.079951367	0.669117302	0.4	0.083	1
CDKN2AIP	0.079951367	0.641312677	0.4	0.083	1
CTDSPL2	0.079951367	0.626763668	0.4	0.083	1
PRKACB	0.079951367	0.614884928	0.4	0.083	1
CENPW	0.079951367	0.60602302	0.4	0.083	1
TIPARP	0.079951367	0.601700088	0.4	0.083	1
DDX11	0.079951367	0.524871651	0.4	0.083	1
WDR76	0.079951367	0.518466419	0.4	0.083	1
EPB41	0.079951367	0.514962395	0.4	0.083	1
ACOT13	0.079951367	0.436291009	0.4	0.083	1
BUB1B	0.079951367	0.406427756	0.4	0.083	1
OTUD4	0.079951367	0.395231491	0.4	0.083	1
C2CD5	0.079951367	0.363959755	0.4	0.083	1
CBLB	0.08160403	1.251191032	0.8	0.417	1
ATP10A	0.082128754	1.467947718	0.6	0.25	1
HNRNPC	0.083347454	0.540660995	0.9	0.583	1
RNF115	0.083952818	0.394506891	0.7	0.25	1
USP1	0.084301119	1.054769018	0.7	0.333	1
PCNP	0.084301119	0.795007952	0.7	0.333	1
ARPC5	0.084301119	0.640633107	0.7	0.333	1
OFD1	0.085237115	1.231515406	0.6	0.167	1
SASH3	0.085237115	0.722517813	0.6	0.167	1
RTF1	0.085237115	-0.284869347	0.6	0.167	1
HPRT1	0.086455583	1.371112528	0.5	0.167	1
HELQ	0.086455583	1.095623511	0.5	0.167	1
ACSL4	0.086455583	0.779494743	0.5	0.167	1
MOV10	0.086455583	0.657757466	0.5	0.167	1
ELK3	0.086455583	0.343041467	0.5	0.167	1
SKIV2L2	0.087515531	0.792375267	0.8	0.583	1
USP3	0.089802456	0.629310432	0.8	0.333	1
ABCF1	0.090609104	1.237957769	0.6	0.333	1
CLIP1	0.092408116	1.328241692	0.5	0.25	1
S100A6	0.094295471	0.94706615	0.8	0.417	1
SREK1IP1	0.096014822	1.031304999	0.6	0.25	1
ARPC4	0.096014822	0.989285676	0.6	0.25	1
NUDCD3	0.096014822	0.966035352	0.6	0.25	1
SLC25A26	0.096014822	0.951714872	0.6	0.25	1
HSPE1.2	0.096014822	0.614827963	0.6	0.25	1
C2ORF29	0.096014822	0.345106162	0.6	0.25	1
BIN3	0.096678291	1.783833968	0.4	0.083	1
ATP10D	0.096678291	1.69491649	0.4	0.083	1
PARP6	0.096678291	1.601630822	0.4	0.083	1
CCNL2	0.096678291	1.17055604	0.4	0.083	1
XRCC4	0.096678291	0.816796275	0.4	0.083	1
MCM2	0.096678291	0.754787448	0.4	0.083	1
MRPL47	0.096678291	0.731454447	0.4	0.083	1
LSM10	0.096678291	0.68874564	0.4	0.083	1
RUVBL1	0.096678291	0.625746144	0.4	0.083	1
WRNIP1	0.096678291	0.531449205	0.4	0.083	1
SSBP3	0.096678291	0.526102011	0.4	0.083	1
TAF7	0.096678291	0.504463191	0.4	0.083	1
CCDC50	0.096678291	0.452925115	0.4	0.083	1
TBP	0.096678291	0.341536807	0.4	0.083	1
SLC39A9	0.096678291	0.339300021	0.4	0.083	1
DIAPH1	0.097683492	0.431035596	0.7	0.25	1
FXR1	0.097762754	0.739643743	0.7	0.333	1
USP9X	0.097881286	0.433889401	0.8	0.5	1
JHDM1D	0.100055772	0.396128321	0.6	0.167	1
USP25	0.100055772	-0.28012683	0.6	0.167	1
FNIP1	0.100663489	1.301224379	0.8	0.583	1
KIF2A	0.102120566	1.145456522	0.5	0.167	1
BNIP2	0.102120566	0.837789791	0.5	0.167	1
GNL1	0.102120566	0.83130369	0.5	0.167	1
EPRS	0.102120566	0.567053422	0.5	0.167	1
GNL3L	0.102120566	0.446381171	0.5	0.167	1
GUK1	0.103695011	0.771706075	0.8	0.333	1
HECA	0.105192505	0.735654673	0.6	0.333	1
SUCLG1	0.108199845	1.320545393	0.5	0.25	1
WASF2	0.108522556	0.502657669	0.8	0.417	1
PDE8A	0.109207679	-0.358531457	0	0.25	1
TXNDC16	0.109207679	-0.473849941	0	0.25	1
ANKRD46	0.109207679	-0.517538475	0	0.25	1
CYHR1	0.109207679	-0.54138426	0	0.25	1
TRAPPC6B	0.109207679	-0.59154415	0	0.25	1
TMEM184C	0.109207679	-0.702244435	0	0.25	1
X6.Mar	0.109207679	-0.753688578	0	0.25	1
CACNB3	0.109207679	-0.90921125	0	0.25	1
UAP1	0.109207679	-0.9435452	0	0.25	1
LANCL3	0.109207679	-0.964799099	0	0.25	1
NIT1	0.109207679	-1.256932179	0	0.25	1
LMNA	0.109207679	-1.427254127	0	0.25	1
TMF1	0.110444737	-2.497991434	0.1	0.417	1
SLC20A1	0.111719588	0.973323267	0.6	0.25	1
SLTM	0.111719588	0.81347776	0.6	0.25	1
CCND2	0.111719588	0.777117042	0.6	0.25	1
SSU72	0.111719588	0.586562205	0.6	0.25	1
REV3L	0.111719588	0.385840486	0.6	0.25	1
CENPF	0.111719588	0.340786185	0.6	0.25	1
CCDC66	0.112889467	0.620050697	0.7	0.333	1
CASP8AP2	0.116093985	1.57321873	0.4	0.083	1
HSF1	0.116093985	1.383190978	0.4	0.083	1
PGM3	0.116093985	1.173135434	0.4	0.083	1
COPS5	0.116093985	1.090101021	0.4	0.083	1
TADA3	0.116093985	0.931520665	0.4	0.083	1
SNX2	0.116093985	0.917263237	0.4	0.083	1
RPS6KA5	0.116093985	0.631369797	0.4	0.083	1
TM9SF1	0.116093985	0.578133749	0.4	0.083	1
SLC6A6	0.116093985	0.567509821	0.4	0.083	1
QRSL1	0.116093985	0.54250369	0.4	0.083	1
TMED5	0.116093985	0.503345771	0.4	0.083	1
STAT2	0.116093985	0.502931405	0.4	0.083	1
PDLIM5	0.116093985	0.463225493	0.4	0.083	1
SNRNP40	0.116093985	0.44391264	0.4	0.083	1
BIN1	0.116093985	0.433654151	0.4	0.083	1
PHF20L1	0.116093985	0.418789954	0.4	0.083	1
ABHD6	0.116093985	0.362278229	0.4	0.083	1
SETD3	0.116093985	0.348104597	0.4	0.083	1
R3HCC1	0.116093985	0.331640597	0.4	0.083	1
CCDC28A	0.116093985	0.310812513	0.4	0.083	1
MON2	0.116093985	0.283895687	0.4	0.083	1
MEMO1	0.116093985	0.279332231	0.4	0.083	1
FAM158A	0.116093985	0.270310479	0.4	0.083	1
RPL9	0.119145927	-0.466716361	0.8	0.75	1
USP44	0.119965249	2.029936226	0.5	0.167	1
MDH1	0.119965249	1.029779264	0.5	0.167	1
SFRS15	0.119965249	0.908697314	0.5	0.167	1
MAD2L2	0.119965249	0.760360026	0.5	0.167	1
GTPBP4	0.119965249	0.637262733	0.5	0.167	1
CD46	0.119965249	0.57148858	0.5	0.167	1
DNAJC19	0.119965249	0.378822343	0.5	0.167	1
NAF1	0.119965249	0.312868693	0.5	0.167	1
DYRK2	0.119965249	-0.567597269	0.5	0.167	1
RPL19	0.120199326	0.407156928	1	0.667	1
PNN	0.121579701	2.825873454	0.6	0.333	1
PSMA5	0.121579701	1.118096426	0.6	0.333	1
H2AFV	0.121579701	0.828077775	0.6	0.333	1
DBF4	0.121579701	0.769655996	0.6	0.333	1
DNAJB6	0.121579701	0.678174513	0.6	0.333	1
TOP2B	0.121579701	0.603499103	0.6	0.333	1
AKAP9	0.124396915	1.671955539	0.8	0.417	1
TMUB1	0.126055115	0.744301437	0.5	0.25	1
WAS	0.127675044	0.776992759	0.7	0.417	1
SEC61G	0.127675044	0.461022221	0.7	0.417	1
PELI1	0.128487445	0.676412619	0.8	0.5	1
STRIP2	0.128616269	1.721106204	0.2	0	1
PLXNA3	0.128616269	1.6725885	0.2	0	1
TPM2.1	0.128616269	1.661670417	0.2	0	1
MICAL1	0.128616269	1.540439284	0.2	0	1
SCARB2	0.128616269	1.464451466	0.2	0	1
ZMAT3	0.128616269	1.416624917	0.2	0	1
FAM13A	0.128616269	1.387530438	0.2	0	1
SLC16A4	0.128616269	1.358571281	0.2	0	1
U6.199	0.128616269	1.317869872	0.2	0	1
POLR1B	0.128616269	1.316045706	0.2	0	1
ZFYVE1	0.128616269	1.306585786	0.2	0	1
MFAP3	0.128616269	1.166247114	0.2	0	1
MSH2	0.128616269	1.145969603	0.2	0	1
NEU1	0.128616269	1.087901999	0.2	0	1
CD109	0.128616269	1.053926384	0.2	0	1
KIN	0.128616269	1.042326857	0.2	0	1
RAPGEF2	0.128616269	1.040766408	0.2	0	1
PTBP2	0.128616269	1.038590328	0.2	0	1
ZNF76	0.128616269	1.034781038	0.2	0	1
ANKRD52	0.128616269	1.033715887	0.2	0	1
PPP1R13B	0.128616269	0.962011492	0.2	0	1
MUT	0.128616269	0.919930603	0.2	0	1
RECQL4	0.128616269	0.893541396	0.2	0	1
TTLL5	0.128616269	0.883088504	0.2	0	1
SSH1	0.128616269	0.877537524	0.2	0	1
PPP2CB	0.128616269	0.851458172	0.2	0	1
WWP1	0.128616269	0.849590304	0.2	0	1
FOSL2	0.128616269	0.831365955	0.2	0	1
DNAJC16	0.128616269	0.798800184	0.2	0	1
PRIM2	0.128616269	0.782903546	0.2	0	1
SLAMF6	0.128616269	0.765997577	0.2	0	1
PPAT	0.128616269	0.763157436	0.2	0	1
HDAC8	0.128616269	0.760066961	0.2	0	1
EXOSC4	0.128616269	0.755268932	0.2	0	1
IL1R1	0.128616269	0.743514651	0.2	0	1
KIAA1257	0.128616269	0.718643718	0.2	0	1
MYNN	0.128616269	0.706909022	0.2	0	1
CCNB1	0.128616269	0.691686527	0.2	0	1
AP3S2	0.128616269	0.674732648	0.2	0	1
BPGM	0.128616269	0.674566911	0.2	0	1
SNX13	0.128616269	0.673523499	0.2	0	1
ATG4C	0.128616269	0.654749236	0.2	0	1
FNTB	0.128616269	0.641385441	0.2	0	1
BBS7	0.128616269	0.636881393	0.2	0	1
ANKRD13A	0.128616269	0.628068298	0.2	0	1
KTI12	0.128616269	0.623543754	0.2	0	1
SFT2D3	0.128616269	0.623234576	0.2	0	1
UTP3	0.128616269	0.617519375	0.2	0	1
ARMCX3	0.128616269	0.611685629	0.2	0	1
C1H1ORF50	0.128616269	0.610297948	0.2	0	1
EPT1	0.128616269	0.596946897	0.2	0	1
ZP3	0.128616269	0.578604522	0.2	0	1
PHF17	0.128616269	0.561824968	0.2	0	1
PTPN9	0.128616269	0.56041144	0.2	0	1
HAPLN3	0.128616269	0.557732163	0.2	0	1
PPP1R3F	0.128616269	0.55220974	0.2	0	1
THAP3	0.128616269	0.550134335	0.2	0	1
LYNX1	0.128616269	0.549262164	0.2	0	1
DIS3L	0.128616269	0.548209872	0.2	0	1
ETV7	0.128616269	0.539575341	0.2	0	1
SLCO3A1	0.128616269	0.536014966	0.2	0	1
STX12	0.128616269	0.534155112	0.2	0	1
USP19	0.128616269	0.531628673	0.2	0	1
TMEM222	0.128616269	0.527471189	0.2	0	1
SNX16	0.128616269	0.509391808	0.2	0	1
VIPAS39	0.128616269	0.495309206	0.2	0	1
ZFYVE20	0.128616269	0.492114186	0.2	0	1
RACGAP1	0.128616269	0.490563387	0.2	0	1
TRAV5	0.128616269	0.485976786	0.2	0	1
GTF2E2	0.128616269	0.481952052	0.2	0	1
DEPDC1	0.128616269	0.481003641	0.2	0	1
RBM15B	0.128616269	0.479562105	0.2	0	1
CDCA3	0.128616269	0.479144592	0.2	0	1
TIMM8A	0.128616269	0.473418758	0.2	0	1
METTL17	0.128616269	0.471767553	0.2	0	1
ATG2B	0.128616269	0.470926046	0.2	0	1
CLDN4	0.128616269	0.455448663	0.2	0	1
COQ6	0.128616269	0.45513235	0.2	0	1
ABCG2	0.128616269	0.454173517	0.2	0	1
CCDC112	0.128616269	0.432869918	0.2	0	1
ZFYVE16	0.128616269	0.429575605	0.2	0	1
CHI3L2	0.128616269	0.427603233	0.2	0	1
PLEKHG1	0.128616269	0.427485607	0.2	0	1
TUBE1	0.128616269	0.424362963	0.2	0	1
CD9	0.128616269	0.420542393	0.2	0	1
SP1	0.128616269	0.416524547	0.2	0	1
FBXO41	0.128616269	0.416494762	0.2	0	1
snosnR60_Z15	0.128616269	0.413416157	0.2	0	1
TMEM185A	0.128616269	0.412096991	0.2	0	1
HMGCL	0.128616269	0.411923391	0.2	0	1
THTPA	0.128616269	0.408367242	0.2	0	1
GTF2H4	0.128616269	0.402423494	0.2	0	1
TARBP1	0.128616269	0.397738489	0.2	0	1
MRFAP1L1	0.128616269	0.396777301	0.2	0	1
NUDT16	0.128616269	0.39635454	0.2	0	1
ZC3HC1	0.128616269	0.389413456	0.2	0	1
RAB28	0.128616269	0.386383547	0.2	0	1
HIST1H3A.7	0.128616269	0.383645982	0.2	0	1
MPP1	0.128616269	0.38085698	0.2	0	1
DLG1	0.128616269	0.378326833	0.2	0	1
SAR1B	0.128616269	0.378261791	0.2	0	1
ATRIP	0.128616269	0.374532031	0.2	0	1
NIPAL1	0.128616269	0.374221988	0.2	0	1
PPP2R2B	0.128616269	0.372927335	0.2	0	1
PLA2G12A	0.128616269	0.368254657	0.2	0	1
PROS1	0.128616269	0.366132531	0.2	0	1
WBSCR16	0.128616269	0.365039283	0.2	0	1
PACRGL	0.128616269	0.36438942	0.2	0	1
SSBP2	0.128616269	0.363770407	0.2	0	1
SNORD14.2	0.128616269	0.360129073	0.2	0	1
LRRC6	0.128616269	0.349951165	0.2	0	1
URGCP	0.128616269	0.347857529	0.2	0	1
CCDC38	0.128616269	0.336955708	0.2	0	1
ACY1	0.128616269	0.335116597	0.2	0	1
MFN2	0.128616269	0.333024851	0.2	0	1
PRSS56	0.128616269	0.331571384	0.2	0	1
MTFR1	0.128616269	0.325572105	0.2	0	1
EIF2AK1	0.128616269	0.324621567	0.2	0	1
TBCCD1	0.128616269	0.322684891	0.2	0	1
GLRX2	0.128616269	0.32252196	0.2	0	1
COPS4	0.128616269	0.318343722	0.2	0	1
FAIM	0.128616269	0.315850271	0.2	0	1
KLC4	0.128616269	0.315233034	0.2	0	1
THAP2	0.128616269	0.315057294	0.2	0	1
FBXO22	0.128616269	0.315043596	0.2	0	1
SERAC1	0.128616269	0.31471434	0.2	0	1
SLC2A1	0.128616269	0.312905324	0.2	0	1
C1GALT1C1	0.128616269	0.311348677	0.2	0	1
HNRPH1	0.128616269	0.308970189	0.2	0	1
NOC4L	0.128616269	0.306456208	0.2	0	1
C1ORF124	0.128616269	0.305808165	0.2	0	1
RAD51	0.128616269	0.301725888	0.2	0	1
SLC50A1	0.128616269	0.300848856	0.2	0	1
FAM104B	0.128616269	0.300792901	0.2	0	1
GLT8D1	0.128616269	0.300074115	0.2	0	1
HMMR	0.128616269	0.296337435	0.2	0	1
IFNLR1	0.128616269	0.295332712	0.2	0	1
NFKBIL1	0.128616269	0.293334705	0.2	0	1
RCAN1	0.128616269	0.29288236	0.2	0	1
RAB35	0.128616269	0.292844879	0.2	0	1
C4ORF52	0.128616269	0.289554131	0.2	0	1
SGOL1	0.128616269	0.288397731	0.2	0	1
GPATCH4	0.128616269	0.288022634	0.2	0	1
NKD2	0.128616269	0.285559733	0.2	0	1
CEPT1	0.128616269	0.285067479	0.2	0	1
RCN2	0.128616269	0.283610604	0.2	0	1
GPANK1	0.128616269	0.283280269	0.2	0	1
SNORA64.6	0.128616269	0.278009065	0.2	0	1
TCEANC2	0.128616269	0.277902505	0.2	0	1
TTC33	0.128616269	0.277206586	0.2	0	1
IQGAP3	0.128616269	0.276750148	0.2	0	1
PET112L	0.128616269	0.269363989	0.2	0	1
SEL1L	0.128616269	0.268593717	0.2	0	1
PDZK1	0.128616269	0.267562445	0.2	0	1
HDAC7	0.128616269	0.26690329	0.2	0	1
CPSF4	0.128616269	0.264823261	0.2	0	1
PLEKHG1.1	0.128616269	0.263538747	0.2	0	1
AGPAT4	0.128616269	0.263087238	0.2	0	1
KDM5B	0.128616269	0.262701364	0.2	0	1
TTK	0.128616269	0.262077303	0.2	0	1
DCTD	0.128616269	0.257559525	0.2	0	1
SMYD3	0.128616269	0.255962361	0.2	0	1
CHPT1	0.128616269	0.252847456	0.2	0	1
SEMA4B	0.128616269	0.250530526	0.2	0	1
RAB3GAP1	0.129384359	1.481332957	0.6	0.25	1
PGK1	0.129384359	0.721691168	0.6	0.25	1
PHC3	0.129384359	0.645924747	0.6	0.25	1
CAMK4	0.129384359	0.609880731	0.6	0.25	1
X4.Mar	0.129384359	0.521330066	0.6	0.25	1
ANAPC13	0.129384359	0.485726509	0.6	0.25	1
SH2D1A	0.129803068	0.497433071	0.7	0.333	1
ANP32A	0.129803068	0.385685499	0.7	0.333	1
ADAM10	0.130486304	-1.089043192	0.1	0.417	1
EVL	0.131648319	0.394038236	0.9	0.5	1
KBTBD2	0.135804349	-0.482995675	0.6	0.167	1
HIAT1	0.135804349	-0.513106595	0.6	0.167	1
GLIPR1	0.135804349	-0.686154131	0.2	0.5	1
AHI1	0.136800349	1.030688969	1	0.667	1
EEF1D	0.136800349	0.282734645	1	0.667	1
COL4A3BP	0.1384498	0.498234477	0.4	0.083	1
RER1	0.1384498	0.460975834	0.4	0.083	1
TCEB1	0.1384498	0.418072629	0.4	0.083	1
GET4	0.1384498	0.333095648	0.4	0.083	1
PDZD11	0.1384498	0.274907331	0.4	0.083	1
GFM2	0.1384498	-0.378200934	0.4	0.083	1
BCL7B	0.1384498	-0.393777637	0.4	0.083	1
FBXO9	0.1384498	-0.675549724	0.4	0.083	1
TUBGCP5	0.1384498	-1.16274997	0.4	0.083	1
CWC27	0.140164154	1.775048476	0.5	0.167	1
TBCE	0.140164154	1.025738931	0.5	0.167	1
GNL3	0.140164154	0.910968863	0.5	0.167	1
UCHL5	0.140164154	0.547149972	0.5	0.167	1
SUCLG2	0.140164154	0.500105442	0.5	0.167	1
SNX3	0.140164154	0.49212261	0.5	0.167	1
MSTO1	0.140164154	0.471289693	0.5	0.167	1
NSUN2	0.140164154	0.458733173	0.5	0.167	1
RALA	0.140164154	0.378417715	0.5	0.167	1
PTK2B	0.140164154	0.321973088	0.5	0.167	1
ASB8	0.140164154	0.300685025	0.5	0.167	1
COPB2	0.141512528	1.261630673	0.4	0.167	1
VOPP1	0.141512528	0.653966423	0.4	0.167	1
MESDC2	0.141512528	0.278692036	0.4	0.167	1
OSBPL11	0.141512528	0.277266256	0.4	0.167	1
ARID1B	0.142026894	0.784820459	0.7	0.5	1
PCBP1	0.1459208	0.27173743	0.7	0.417	1
UBE2K	0.146125855	1.94585389	0.5	0.25	1
TKT	0.146125855	1.14862649	0.5	0.25	1
KANSL3	0.146125855	1.079541346	0.5	0.25	1
MYLIP	0.146125855	1.072582616	0.5	0.25	1
TESC	0.146125855	0.979481278	0.5	0.25	1
MAML1	0.146125855	0.506310141	0.5	0.25	1
HMGB2	0.148621026	0.841806776	0.6	0.417	1
NASP	0.148621026	0.515271676	0.7	0.333	1
RNASE6	0.148621026	-1.083817271	0.4	0.583	1
FOXP1	0.149145357	1.397093312	0.6	0.25	1
HSPE1.1	0.149145357	0.650509613	0.6	0.25	1
HSPE1.4	0.149145357	0.639053951	0.6	0.25	1
RERE	0.149145357	0.613939023	0.6	0.25	1
BNIP3L	0.149145357	0.35907956	0.6	0.25	1
FAM208B	0.149145357	-1.32011432	0.3	0.5	1
CCT2	0.149689891	1.975953832	0.9	0.5	1
EIF3J	0.149689891	0.797103645	0.9	0.5	1
NCSTN	0.149820836	-1.549864201	0.3	0.583	1
RPL4	0.155116991	0.39526754	1	0.667	1
SRSF5	0.155116991	-0.674449063	0.8	0.833	1
CHD2	0.155761813	0.545510248	0.8	0.333	1
RHOH	0.160271066	1.266298502	0.6	0.333	1
NDUFB2	0.161515586	0.910540752	0.7	0.5	1
SERBP1	0.161515586	0.360891392	0.8	0.417	1
CAST	0.161515586	0.318428253	0.8	0.417	1
FAM46C	0.161515586	-0.793470369	0.5	0.667	1
CNST	0.16288303	0.782878132	0.5	0.167	1
FKBP1A.1	0.16288303	0.461287667	0.5	0.167	1
AZIN1	0.16288303	0.416312807	0.5	0.167	1
PAPD4	0.16288303	-1.005650791	0.2	0.417	1
EIF2AK3	0.163984385	-0.697626792	0.1	0.333	1
TAF2	0.163984385	-0.705571338	0.1	0.333	1
RNF5	0.163984385	-1.151182803	0.1	0.333	1
C6H5ORF24	0.165694575	1.16438577	0.4	0.167	1
PRELID1	0.165694575	0.692681172	0.4	0.167	1
HTATSF1	0.165694575	0.58343602	0.4	0.167	1
CDC40	0.165694575	0.500192175	0.4	0.167	1
SECISBP2L	0.165694575	0.419315138	0.4	0.167	1
KIAA0922	0.166098482	1.103026595	0.7	0.417	1
ISCU	0.166098482	0.450477807	0.7	0.417	1
MYO1G	0.168555399	2.213899046	0.5	0.25	1
TOPBP1	0.168555399	1.929722722	0.5	0.25	1
HCFC2	0.168555399	1.383615222	0.5	0.25	1
SETD7	0.168555399	0.809118246	0.5	0.25	1
DCTN2	0.168555399	0.754210284	0.5	0.25	1
XPO1	0.168555399	0.651711787	0.5	0.25	1
UBP1	0.168555399	0.584715942	0.5	0.25	1
PFDN2	0.168555399	0.478760233	0.5	0.25	1
MRPL51	0.169454115	0.793185791	0.7	0.333	1
CTBP1	0.169454115	-0.633895483	0.7	0.333	1
KCND1	0.170130216	2.363855083	0.3	0.083	1
KHNYN	0.170130216	1.69363513	0.3	0.083	1
MAP4K5	0.170130216	1.571585931	0.3	0.083	1
TMEM154	0.170130216	1.138307779	0.3	0.083	1
BLVRA	0.170130216	1.076937098	0.3	0.083	1
PLDN	0.170130216	0.977158296	0.3	0.083	1
TXNDC9	0.170130216	0.874128101	0.3	0.083	1
ASPM	0.170130216	0.81772931	0.3	0.083	1
PPIH	0.170130216	0.775130206	0.3	0.083	1
GIMAP8	0.170130216	0.721515826	0.3	0.083	1
POC1B	0.170130216	0.710386604	0.3	0.083	1
EMB	0.170130216	0.657139885	0.3	0.083	1
TAPT1	0.170130216	0.651858365	0.3	0.083	1
SNX9	0.170130216	0.632902916	0.3	0.083	1
MKRN2	0.170130216	0.588016727	0.3	0.083	1
CDK16	0.170130216	0.53632775	0.3	0.083	1
SLC12A2	0.170130216	0.531839429	0.3	0.083	1
EXOC5	0.170130216	0.463732599	0.3	0.083	1
PRKAG1	0.170130216	0.437487276	0.3	0.083	1
ALG13	0.170130216	0.404990774	0.3	0.083	1
KDM3A	0.170130216	0.383075215	0.3	0.083	1
DENR	0.170130216	0.363959458	0.3	0.083	1
OASL	0.170130216	0.361619712	0.3	0.083	1
PAR14	0.170130216	0.360450388	0.3	0.083	1
HDAC6	0.170130216	0.340115376	0.3	0.083	1
POLA1	0.170130216	0.310444573	0.3	0.083	1
FAM96A	0.170130216	0.285090611	0.3	0.083	1
CHP1	0.170130216	0.28300466	0.3	0.083	1
B3GNT2	0.170130216	0.275039764	0.3	0.083	1
MBNL3	0.170130216	0.269732952	0.3	0.083	1
HSPE1.3	0.171130744	0.537637392	0.6	0.25	1
X5_8S_rRNA.7	0.175238411	0.680297605	1	0.667	1
X5_8S_rRNA.9	0.175238411	0.680297605	1	0.667	1
X5_8S_rRNA.10	0.175238411	0.680297605	1	0.667	1
X5_8S_rRNA.11	0.175238411	0.680297605	1	0.667	1
GABARAP.1	0.176633188	0.648551809	0.7	0.583	1
ATRX	0.176942766	0.431280728	0.8	0.333	1
RNF145	0.182810162	0.701546915	0.6	0.333	1
FRG1	0.182810162	0.367740237	0.6	0.333	1
LGALS3	0.188274387	0.437744344	0.5	0.167	1
MEF2A	0.188274387	0.348986058	0.5	0.167	1
MST4	0.188274387	-0.322044873	0.5	0.167	1
HSPA4	0.188274387	-0.33746375	0.5	0.167	1
KIDINS220	0.188274387	-1.241538854	0.5	0.167	1
CCT3	0.188305965	1.166776625	0.7	0.417	1
CDC14A	0.188305965	0.512866874	0.7	0.417	1
HSP90B1	0.191343221	1.365593176	0.7	0.667	1
ZNF292	0.191343221	0.899651763	0.8	0.583	1
TMEM66	0.191343221	-0.815383354	0.6	0.75	1
FAM65B	0.192403956	0.391519147	0.7	0.333	1
ATP5F1	0.192403956	0.382992973	0.7	0.333	1
JTB	0.192403956	0.281963276	0.7	0.333	1
TCERG1	0.192403956	-0.343015098	0.7	0.333	1
PRDM2	0.192403956	-0.366556053	0.7	0.333	1
MCM9	0.192861353	1.976037619	0.4	0.167	1
RRM2	0.192861353	1.462361415	0.4	0.167	1
MCM4	0.192861353	1.257854238	0.4	0.167	1
MRPS6	0.192861353	1.132277612	0.4	0.167	1
CCT7	0.192861353	0.821199165	0.4	0.167	1
PSTPIP1	0.192861353	0.670292761	0.4	0.167	1
IP6K2	0.192861353	0.619052405	0.4	0.167	1
CDC42SE2	0.192861353	0.436521866	0.4	0.167	1
XPC	0.192861353	0.409047635	0.4	0.167	1
FKBP1A	0.192861353	0.326990072	0.4	0.167	1
NPC2	0.192861353	0.290907667	0.4	0.167	1
PRIM1	0.192861353	0.279520382	0.4	0.167	1
LINC00116	0.192915674	-0.583173497	0.1	0.333	1
JPH4	0.193474805	1.550942791	0.5	0.25	1
ITGB2	0.193474805	0.582398414	0.5	0.25	1
DCAF5	0.193474805	0.333496765	0.5	0.25	1
ORAI1	0.194924453	-0.74425805	0.3	0.583	1
PIK3R1	0.195457471	0.78762982	0.6	0.25	1
ZMYM4	0.195457471	0.260255188	0.6	0.25	1
X5_8S_rRNA.8	0.197246032	0.457564028	1	0.667	1
NFKBIA	0.197246032	0.363212903	1	0.667	1
PABPC3	0.198388941	0.542655706	1	0.833	1
MMU.4022	0.200198649	0.915573282	0.6	0.5	1
DNM3	0.202734008	2.160532936	0.3	0.083	1
UBASH3A	0.202734008	1.845080072	0.3	0.083	1
SERTAD2	0.202734008	1.485496528	0.3	0.083	1
CASP3	0.202734008	1.470445822	0.3	0.083	1
B3GAT2	0.202734008	1.394021712	0.3	0.083	1
USP45	0.202734008	1.369186573	0.3	0.083	1
C14ORF106	0.202734008	1.338041216	0.3	0.083	1
ARMCX5	0.202734008	1.155315865	0.3	0.083	1
CPSF2	0.202734008	1.09791032	0.3	0.083	1
IFNAR2	0.202734008	1.032584552	0.3	0.083	1
ZFAND2A	0.202734008	1.014105354	0.3	0.083	1
GMPPB	0.202734008	0.930554178	0.3	0.083	1
CHD7	0.202734008	0.930093582	0.3	0.083	1
TIMP1	0.202734008	0.921572528	0.3	0.083	1
RBBP5	0.202734008	0.907709237	0.3	0.083	1
MCRS1	0.202734008	0.895843413	0.3	0.083	1
PARP11	0.202734008	0.883009643	0.3	0.083	1
METTL14	0.202734008	0.882311656	0.3	0.083	1
DUSP22	0.202734008	0.858906057	0.3	0.083	1
HMGCS1	0.202734008	0.851148017	0.3	0.083	1
ATAD2	0.202734008	0.836027387	0.3	0.083	1
CPSF6	0.202734008	0.831590629	0.3	0.083	1
CCNA2	0.202734008	0.786835524	0.3	0.083	1
CEP83	0.202734008	0.781190943	0.3	0.083	1
MAP4.1	0.202734008	0.769285142	0.3	0.083	1
ZYG11B	0.202734008	0.734992673	0.3	0.083	1
TNFRSF4	0.202734008	0.707831501	0.3	0.083	1
IL15RA	0.202734008	0.67301395	0.3	0.083	1
ANAPC10	0.202734008	0.604764795	0.3	0.083	1
PDLIM2	0.202734008	0.587463137	0.3	0.083	1
MEAF6	0.202734008	0.578878845	0.3	0.083	1
MCM3	0.202734008	0.557445156	0.3	0.083	1
TMEM164	0.202734008	0.557091118	0.3	0.083	1
DLGAP5	0.202734008	0.551250283	0.3	0.083	1
TAF1B	0.202734008	0.545013917	0.3	0.083	1
AHCYL1	0.202734008	0.543944736	0.3	0.083	1
EHBP1	0.202734008	0.534049148	0.3	0.083	1
ZNF192	0.202734008	0.495257176	0.3	0.083	1
USP11	0.202734008	0.489540862	0.3	0.083	1
CDK7	0.202734008	0.475409034	0.3	0.083	1
NCAPG2	0.202734008	0.454273549	0.3	0.083	1
OARD1	0.202734008	0.436306088	0.3	0.083	1
PHAX	0.202734008	0.415462676	0.3	0.083	1
CEP63	0.202734008	0.406532777	0.3	0.083	1
PGD	0.202734008	0.377432218	0.3	0.083	1
AAAS	0.202734008	0.3416189	0.3	0.083	1
ARHGAP11A	0.202734008	0.327992436	0.3	0.083	1
FAM54A	0.202734008	0.304054424	0.3	0.083	1
PPIE	0.202734008	0.295580053	0.3	0.083	1
CNOT6L	0.205731866	-0.651965616	0.9	0.583	1
ZAP70	0.206442662	0.694983222	0.7	0.5	1
NDUFA1.1	0.206442662	0.374452995	0.8	0.417	1
NFKB1	0.207617411	1.046708499	0.6	0.333	1
HMGB1.1	0.208980042	0.662767911	0.9	0.75	1
HPS3	0.209367626	-0.253919263	0	0.167	1
TRIM24	0.209367626	-0.260230203	0	0.167	1
ERGIC1	0.209367626	-0.292944132	0	0.167	1
PMF1	0.209367626	-0.294041036	0	0.167	1
ZBED1	0.209367626	-0.309988783	0	0.167	1
ETV6	0.209367626	-0.328875704	0	0.167	1
USP53	0.209367626	-0.338595584	0	0.167	1
ISG20L2	0.209367626	-0.339207015	0	0.167	1
IMPAD1	0.209367626	-0.343623768	0	0.167	1
REC114	0.209367626	-0.348746725	0	0.167	1
FAAH	0.209367626	-0.349417857	0	0.167	1
RYK	0.209367626	-0.354729518	0	0.167	1
HSD17B6	0.209367626	-0.357703315	0	0.167	1
JAGN1	0.209367626	-0.366635002	0	0.167	1
SNORA31.20	0.209367626	-0.393986026	0	0.167	1
MTMR1	0.209367626	-0.403430119	0	0.167	1
ADCK2	0.209367626	-0.411535893	0	0.167	1
POLG	0.209367626	-0.446107759	0	0.167	1
SCML1	0.209367626	-0.446179612	0	0.167	1
SLC7A7	0.209367626	-0.450966455	0	0.167	1
IPO8	0.209367626	-0.451112049	0	0.167	1
FAM122B	0.209367626	-0.490121271	0	0.167	1
GXYLT1	0.209367626	-0.491883747	0	0.167	1
X1.Mar	0.209367626	-0.53432911	0	0.167	1
PDE7A	0.209367626	-0.55948193	0	0.167	1
NADKD1	0.209367626	-0.576020283	0	0.167	1
FAM3C	0.209367626	-0.62909794	0	0.167	1
C12ORF76	0.209367626	-0.646522149	0	0.167	1
TSPAN5	0.209367626	-0.658416638	0	0.167	1
ATP8B4	0.209367626	-0.659850633	0	0.167	1
GEMIN8	0.209367626	-0.71736071	0	0.167	1
PIGK	0.209367626	-0.750630277	0	0.167	1
CRTAP	0.209367626	-0.752614043	0	0.167	1
MTF1	0.209367626	-0.754640411	0	0.167	1
USP42	0.209367626	-0.766939414	0	0.167	1
RUNX1	0.209367626	-0.807878481	0	0.167	1
RNF170	0.209367626	-0.859154277	0	0.167	1
AASDH	0.209367626	-0.86853885	0	0.167	1
MMAB	0.209367626	-0.872438956	0	0.167	1
NSUN4	0.209367626	-0.893577651	0	0.167	1
TMEM187	0.209367626	-0.987781777	0	0.167	1
EFTUD1	0.209367626	-1.17130133	0	0.167	1
DHRS4	0.209367626	-1.284114957	0	0.167	1
EXD2	0.209367626	-1.313010625	0	0.167	1
PPP1R16A	0.209367626	-1.321738672	0	0.167	1
PNISR	0.211352607	0.29553877	0.8	0.5	1
ZFC3H1	0.21263058	0.945893886	0.7	0.417	1
RAB43	0.21263058	0.368041439	0.7	0.417	1
S100A11	0.215119725	1.001247402	0.8	0.583	1
ZFP106	0.216472826	-0.364367281	0.5	0.167	1
ANKHD1	0.217560473	1.460687488	0.7	0.333	1
CAP1	0.217560473	0.73032583	0.6	0.417	1
SHFM1	0.217560473	0.591715797	0.6	0.417	1
GPR65	0.217560473	0.561563639	0.6	0.417	1
SMARCC1	0.217560473	0.450855864	0.7	0.333	1
HBP1	0.217560473	0.416444824	0.7	0.333	1
JAK1	0.217915681	1.002510917	0.8	0.667	1
MTDH	0.219897505	0.537642374	0.8	0.75	1
CYFIP2	0.220899453	-0.483296326	0.7	0.25	1
TBK1	0.220999028	0.929311265	0.5	0.25	1
MOB1A	0.220999028	0.803037261	0.5	0.25	1
SH2D2A	0.220999028	0.740710563	0.5	0.25	1
H1FX	0.220999028	0.571321646	0.5	0.25	1
MED13L	0.220999028	0.531300729	0.5	0.25	1
AK2	0.220999028	0.411776617	0.5	0.25	1
TCEAL8	0.220999028	0.382849538	0.5	0.25	1
RB1CC1	0.220999028	0.371471952	0.5	0.25	1
LRRFIP2	0.220999028	0.343745219	0.5	0.25	1
LZIC	0.220999028	0.271549694	0.5	0.25	1
YLPM1	0.222228039	1.177054859	0.5	0.333	1
CDC42SE1	0.222228039	0.696639804	0.5	0.333	1
SEC24A	0.222228039	0.617907781	0.6	0.25	1
RPS27L	0.222228039	0.262935432	0.6	0.25	1
PDAP1	0.222228039	-0.436254804	0.6	0.25	1
CEP170	0.223166742	1.736412331	0.4	0.167	1
HCFC1	0.223166742	1.708379514	0.4	0.167	1
HAUS2	0.223166742	1.572658662	0.4	0.167	1
PSD4	0.223166742	1.4129498	0.4	0.167	1
PAPOLG	0.223166742	1.129428261	0.4	0.167	1
KLHL6	0.223166742	0.984455703	0.4	0.167	1
NEK1	0.223166742	0.962942423	0.4	0.167	1
WARS	0.223166742	0.872971912	0.4	0.167	1
EMC3	0.223166742	0.815049385	0.4	0.167	1
PPP1R12B	0.223166742	0.803522121	0.4	0.167	1
STAT6	0.223166742	0.77660607	0.4	0.167	1
TTC3	0.223166742	0.722988512	0.4	0.167	1
NDUFS4	0.223166742	0.633865728	0.4	0.167	1
COX20	0.223166742	0.58848352	0.4	0.167	1
MED8	0.223166742	0.559476704	0.4	0.167	1
GMPS	0.223166742	0.526541192	0.4	0.167	1
LSM2	0.223166742	0.511156131	0.4	0.167	1
MRPL33	0.223166742	0.471052333	0.4	0.167	1
NRBP1	0.223166742	0.372699628	0.4	0.167	1
C1H1ORF35	0.223166742	0.351680279	0.4	0.167	1
SCLT1	0.223166742	0.317325615	0.4	0.167	1
TMEM87A	0.223166742	0.316074665	0.4	0.167	1
FBXO6	0.223166742	0.313234246	0.4	0.167	1
HADH	0.223166742	0.262066826	0.4	0.167	1
IPCEF1	0.22543245	-1.128208599	0.1	0.333	1
CACYBP	0.232041912	0.740678269	0.7	0.5	1
NDUFB9	0.232041912	0.562729214	0.7	0.5	1
DOCK11	0.234779914	0.460278136	0.6	0.333	1
SSBP1	0.234779914	0.362753711	0.6	0.333	1
COX16	0.234779914	-1.267666618	0.4	0.5	1
UXS1	0.235768518	-0.43710708	0.2	0.5	1
RPN1	0.239146775	0.791472767	0.7	0.417	1
NDUFB11	0.239146775	0.439951324	0.7	0.417	1
KDM6A	0.239146775	0.29718405	0.7	0.417	1
CUL7	0.239668348	1.106245384	0.3	0.083	1
EGLN3	0.239668348	1.031717442	0.3	0.083	1
MTCH1	0.239668348	0.948719776	0.3	0.083	1
CSTF2	0.239668348	0.83765127	0.3	0.083	1
ZYX	0.239668348	0.833353935	0.3	0.083	1
ACBD6	0.239668348	0.802892833	0.3	0.083	1
CLK4	0.239668348	0.742221186	0.3	0.083	1
ANAPC7	0.239668348	0.739529656	0.3	0.083	1
CNPY3	0.239668348	0.682828367	0.3	0.083	1
MRPS18B	0.239668348	0.664426667	0.3	0.083	1
PHACTR2	0.239668348	0.654532683	0.3	0.083	1
SLC35E2B	0.239668348	0.641997086	0.3	0.083	1
GTF3C2	0.239668348	0.634364884	0.3	0.083	1
RPAP2	0.239668348	0.5581769	0.3	0.083	1
CCDC127	0.239668348	0.466458189	0.3	0.083	1
RPL26L1	0.239668348	0.459185206	0.3	0.083	1
AGO1	0.239668348	0.430756054	0.3	0.083	1
EIF4E	0.239668348	0.423626724	0.3	0.083	1
HERC3	0.239668348	0.401918208	0.3	0.083	1
GCLM	0.239668348	0.366187325	0.3	0.083	1
HPSE	0.239668348	0.359198384	0.3	0.083	1
MRPS21	0.239668348	0.355992828	0.3	0.083	1
ZBTB38	0.239668348	0.347243401	0.3	0.083	1
CASC1	0.239668348	0.345247184	0.3	0.083	1
ODZ1	0.239668348	0.335634146	0.3	0.083	1
MRPL39	0.239668348	0.335486579	0.3	0.083	1
PSMB5	0.239668348	0.329905759	0.3	0.083	1
EXOSC7	0.239668348	0.326936154	0.3	0.083	1
SCAP	0.239668348	0.306135351	0.3	0.083	1
TMEM57	0.239668348	0.305623969	0.3	0.083	1
PPP4R2	0.239668348	0.297633842	0.3	0.083	1
ZBTB33	0.239668348	0.282967111	0.3	0.083	1
WDR3	0.239668348	0.27002972	0.3	0.083	1
EIF1.1	0.240954669	0.552923514	0.7	0.667	1
BATF	0.24499934	0.591601136	0.7	0.333	1
LEF1	0.247590293	0.843217547	0.4	0.25	1
MPZL1	0.247590293	-0.406074247	0.5	0.167	1
SLC12A8	0.247590293	-0.594743867	0.2	0.417	1
EML4	0.24799987	0.477122358	1	0.75	1
TPM3	0.248401071	0.438447327	1	0.833	1
SON	0.248401071	-2.669905953	1	0.833	1
PPM1M	0.251223074	1.071202198	0.5	0.25	1
KIAA1551	0.251223074	0.933054069	0.5	0.25	1
EBP	0.251223074	0.543346647	0.5	0.25	1
SNRPC	0.251223074	0.417042624	0.5	0.25	1
ENY2	0.251223074	0.363205328	0.5	0.25	1
STARD7	0.251223074	0.326725734	0.5	0.25	1
CFP	0.251223074	0.316168812	0.5	0.25	1
FBXO33	0.251527245	0.95115528	0.5	0.333	1
THADA	0.251527245	0.938364758	0.5	0.333	1
H2AFZ	0.251527245	0.91495689	0.5	0.333	1
RNPC3	0.251527245	0.276101381	0.6	0.25	1
CTNNB1	0.251527245	-0.256045888	0.6	0.25	1
MCM6	0.256735731	1.143898502	0.4	0.167	1
COQ2	0.256735731	0.821317283	0.4	0.167	1
MAP3K7	0.256735731	0.645257639	0.4	0.167	1
NKG2D	0.256735731	0.581211359	0.4	0.167	1
PUF60	0.256735731	0.484249148	0.4	0.167	1
HADHA	0.256735731	0.454523168	0.4	0.167	1
YRDC	0.256735731	0.451482772	0.4	0.167	1
BROX	0.256735731	0.435071529	0.4	0.167	1
UBAP2L	0.256735731	0.388202233	0.4	0.167	1
ZCSL2	0.256735731	0.350891659	0.4	0.167	1
RBM41	0.256735731	0.348904245	0.4	0.167	1
SPG21	0.256735731	0.322742846	0.4	0.167	1
DCTN6	0.256735731	0.282355568	0.4	0.167	1
CTSB	0.256735731	0.279776041	0.4	0.167	1
ITPR1	0.256735731	0.276939671	0.4	0.167	1
EP400	0.256735731	0.26611454	0.4	0.167	1
LSM1	0.256735731	-1.025439111	0.4	0.167	1
TPR	0.25981725	1.011058363	0.7	0.5	1
CNIH	0.261685779	-1.042537008	0.1	0.333	1
KLHL28	0.261685779	-1.246027304	0.1	0.333	1
SNX17	0.264367535	-1.289638161	0.4	0.5	1
TNFAIP3	0.264963857	-1.597748884	0.6	0.667	1
NIPBL	0.267913807	1.319788473	0.7	0.417	1
RHOA	0.267913807	0.373256063	0.7	0.417	1
CEP85L	0.274779474	1.08463756	0.6	0.417	1
GATA3	0.274779474	1.007799893	0.6	0.417	1
PRKCH	0.274779474	0.824329903	0.6	0.417	1
EIF2S3	0.274779474	0.599775854	0.7	0.333	1
RNF149	0.274779474	-0.435404793	0.4	0.583	1
SYNE2	0.274779474	-3.146727421	0.7	0.333	1
TRA2B	0.27606194	0.490920155	1	0.75	1
RPS25	0.27606194	-0.574796491	1	0.75	1
TMEM194A	0.281108968	0.259704615	0.3	0.083	1
PLK3	0.281108968	-0.251308192	0.3	0.083	1
ARMC1	0.281108968	-0.292727607	0.3	0.083	1
CLTB	0.281108968	-0.346885988	0.3	0.083	1
ERI3	0.281108968	-0.467319729	0.3	0.083	1
AP1AR	0.281108968	-0.511328938	0.3	0.083	1
ANXA5	0.281108968	-0.556370863	0.3	0.083	1
RPS6KA3	0.281108968	-0.598247343	0.3	0.083	1
PAN2	0.281108968	-0.609105731	0.3	0.083	1
MYEF2	0.281108968	-0.620132739	0.3	0.083	1
PSMG4	0.281108968	-0.656351753	0.3	0.083	1
FASTK	0.281108968	-0.787260137	0.3	0.083	1
MCPH1	0.281108968	-0.80780656	0.3	0.083	1
HSPA14	0.281108968	-0.817378996	0.3	0.083	1
TMED8	0.281108968	-0.881035276	0.3	0.083	1
OGT	0.281108968	-0.892324468	0.3	0.083	1
NEDD1	0.281108968	-1.76392744	0.3	0.083	1
CTSK	0.281108968	-1.817856277	0.3	0.083	1
LSM5	0.281711429	0.312559692	0.4	0.25	1
VPS33A	0.281711429	-0.784298693	0.2	0.417	1
CLINT1	0.283419004	0.691482582	0.5	0.333	1
ATP1A1	0.283419004	-1.064338165	0.3	0.5	1
PCNX	0.283419004	-1.794987843	0.6	0.25	1
LASS2	0.284218238	0.965502059	0.5	0.25	1
SCAF8	0.284218238	0.802323845	0.5	0.25	1
INPP4B	0.284218238	0.753714198	0.5	0.25	1
GTF2B	0.284218238	0.707277525	0.5	0.25	1
ESYT2	0.284218238	0.564058331	0.5	0.25	1
USP8	0.284218238	0.474055336	0.5	0.25	1
UFL1	0.284218238	0.404841954	0.5	0.25	1
MTPN	0.284218238	-0.943186239	0.3	0.417	1
TMEM120A	0.284218238	-1.552298597	0.3	0.417	1
RPL32	0.286608635	-0.261305523	0.7	0.75	1
IK	0.289813489	0.796176797	0.8	0.417	1
ATF6	0.29365842	0.868940546	0.4	0.167	1
TRANK1	0.29365842	0.342241831	0.4	0.167	1
TMPO	0.29365842	0.336137717	0.4	0.167	1
GTF2A2	0.29365842	0.323144405	0.4	0.167	1
APAF1	0.29365842	0.303053014	0.4	0.167	1
TFRC	0.29365842	-0.925788139	0.4	0.167	1
YPEL5	0.295018591	-0.322387754	0.8	0.5	1
IQGAP2	0.296430181	0.568652299	0.6	0.333	1
ACTR2	0.296430181	0.360065227	0.6	0.333	1
SACM1L	0.296430181	-0.252783752	0.6	0.333	1
TXN.1	0.298973523	0.301488077	0.7	0.417	1
SATB1	0.298973523	0.254602476	0.7	0.417	1
MINOS1	0.2989945	0.430023622	0.8	0.583	1
GPAA1	0.301780669	-0.31621228	0.1	0.333	1
ACTB.2	0.304015663	0.3367158	0.9	0.667	1
FAM172A	0.304015663	-1.479559049	0.8	0.75	1
ZCCHC11	0.305392679	0.993737146	1	0.667	1
ITPR2	0.306940651	0.658062256	0.6	0.417	1
GPSM3	0.306940651	0.408954349	0.7	0.333	1
NDUFA1	0.306940651	0.261505581	0.6	0.417	1
ATP2B1	0.317943347	1.32843927	0.5	0.333	1
ATP5G3	0.317943347	-0.315389822	0.6	0.25	1
ARID4A	0.317943347	-1.040973846	0.6	0.25	1
PITHD1	0.31888915	0.583116344	0.4	0.25	1
BSDC1	0.31888915	0.252951532	0.4	0.25	1
IRF2BP2	0.31888915	-0.359951351	0.2	0.417	1
PPP1R10	0.31888915	-0.597995518	0.2	0.417	1
CENPC	0.320028553	1.073840805	0.5	0.25	1
OTUD5	0.320028553	0.794915559	0.5	0.25	1
NT5DC1	0.320028553	0.486754761	0.5	0.25	1
POLR2K.1	0.320028553	0.256878611	0.5	0.25	1
WDR82	0.320028553	0.254618966	0.5	0.25	1
HSPCA	0.321258506	0.424086809	0.9	0.75	1
RAD21	0.322057536	0.28508569	0.7	0.5	1
GPKOW	0.327161747	-0.374164524	0.1	0.25	1
PDE7B	0.327161747	-0.553624467	0.1	0.25	1
SLC24A5	0.327161747	-0.665073164	0.1	0.25	1
BCL2A1	0.327161747	-0.694320567	0.1	0.25	1
ZFAND1	0.327161747	-0.6947662	0.1	0.25	1
TBC1D5	0.327161747	-0.716967558	0.1	0.25	1
DUSP23	0.327161747	-0.907370687	0.1	0.25	1
POLR3C	0.327161747	-0.918176092	0.1	0.25	1
C4H6ORF211	0.327161747	-0.948168286	0.1	0.25	1
C4orf33	0.327161747	-1.000705173	0.1	0.25	1
KDM2B	0.327161747	-1.05282394	0.1	0.25	1
GPN2	0.327161747	-1.175525997	0.1	0.25	1
DNMT3A	0.327161747	-1.178039737	0.1	0.25	1
LDLRAP1	0.327161747	-1.323984801	0.1	0.25	1
KLF10	0.327161747	-1.724671218	0.1	0.25	1
CEP350	0.330995278	0.387847236	0.6	0.333	1
TXLNG	0.330995278	0.367618828	0.6	0.333	1
TBL1XR1	0.330995278	-0.834334995	0.6	0.333	1
ATP6AP2	0.330995278	-1.540423245	0.4	0.5	1
ATG3	0.33234831	0.677852777	0.7	0.417	1
CLIC1	0.33234831	0.414237811	0.7	0.417	1
SLU7	0.33234831	0.260187447	0.7	0.417	1
TBC1D9B	0.333984411	1.904557372	0.4	0.167	1
MARK3	0.333984411	1.238738065	0.4	0.167	1
C1GALT1	0.333984411	0.944501181	0.4	0.167	1
MCM7	0.333984411	0.680921965	0.4	0.167	1
UBL7	0.333984411	0.32860768	0.4	0.167	1
NSMAF	0.333984411	0.284912319	0.4	0.167	1
APPL2	0.333984411	-0.657115894	0.4	0.167	1
STIM2	0.333984411	-0.770374126	0.2	0.333	1
ERAP2	0.333984411	-1.028186399	0.2	0.333	1
POGLUT1	0.333984411	-1.151656179	0.2	0.333	1
COPG1	0.333984411	-1.452075918	0.2	0.333	1
PPP2R5A	0.333984411	-1.673950252	0.2	0.333	1
RNF13	0.333984411	-1.788648846	0.2	0.333	1
CD27	0.334198468	-1.408681382	0.8	0.667	1
PLAC8	0.341501313	1.149472208	0.6	0.417	1
PSMA4	0.341501313	0.794658779	0.6	0.417	1
SNRPA1	0.341501313	0.763610347	0.6	0.417	1
OGDH	0.341501313	0.683653438	0.6	0.417	1
KDM5A	0.341501313	0.442331637	0.6	0.417	1
COX14	0.341501313	0.292061939	0.6	0.417	1
HMGN2.2	0.341501313	0.250958222	0.6	0.417	1
LPP	0.345768327	1.108825949	0.3	0.167	1
PPP2R3C	0.345768327	1.093597264	0.3	0.167	1
IMPA1	0.345768327	0.935458501	0.3	0.167	1
TAF9B	0.345768327	0.740037	0.3	0.167	1
DCAF11	0.345768327	0.644439629	0.3	0.167	1
ASAP1	0.345768327	0.511114731	0.3	0.167	1
XPOT	0.345768327	0.463933286	0.3	0.167	1
PFDN6	0.345768327	0.388403926	0.3	0.167	1
TMEM165	0.345768327	0.273784491	0.3	0.167	1
RAN	0.349218105	1.403349991	0.5	0.417	1
ARID4B	0.351133978	1.293208629	0.9	0.583	1
UHMK1	0.355113705	1.925604203	0.5	0.333	1
SUPT16H	0.355113705	0.611228443	0.5	0.333	1
RAB11A	0.355113705	0.44175876	0.5	0.333	1
LRMP	0.356556621	-0.549020068	0.8	0.417	1
ESYT1	0.358667576	0.551115271	0.5	0.25	1
SEC13	0.358667576	-0.453133464	0.3	0.417	1
METTL3	0.358667576	-0.723709902	0.5	0.25	1
YY1AP1	0.358667576	-1.639036168	0.5	0.25	1
RSRC1	0.359140653	1.87440021	0.4	0.25	1
MCM3AP	0.359140653	1.768674627	0.4	0.25	1
RBM28	0.359140653	1.667587284	0.4	0.25	1
ADIPOR1	0.359140653	1.089058264	0.4	0.25	1
ABT1	0.359140653	0.852544276	0.4	0.25	1
PSMD2	0.359140653	0.810986191	0.4	0.25	1
SNRNP27	0.359140653	0.687769541	0.4	0.25	1
ALG6	0.359140653	0.527986305	0.4	0.25	1
DROSHA	0.359140653	-0.902156317	0.2	0.417	1
SUB1	0.361739145	0.45819302	0.8	0.5	1
CTAGE5	0.368065506	0.930805412	0.6	0.333	1
NDUFA4	0.368065506	0.452217103	0.6	0.333	1
VAMP5	0.368065506	-0.47754879	0.6	0.333	1
HNRNPH1.1	0.372024547	-0.434338007	0.8	0.833	1
MNAT1	0.377717829	-0.300873884	0.4	0.167	1
CNOT8	0.377717829	-0.543519899	0.4	0.167	1
MRPS14	0.377717829	-0.78083295	0.4	0.167	1
HIVEP1	0.377717829	-0.79493159	0.2	0.333	1
REPS1	0.377717829	-0.972114225	0.4	0.167	1
RAP2C	0.377717829	-1.20755642	0.2	0.333	1
PMF1.BGLAP	0.377851374	-0.292965225	0.1	0.25	1
MTOR	0.377851374	-0.31747172	0.1	0.25	1
CCSAP	0.377851374	-0.601686354	0.1	0.25	1
TSPYL2	0.377851374	-0.629966255	0.1	0.25	1
TMEM14A	0.377851374	-0.685705094	0.1	0.25	1
ARHGAP10	0.377851374	-0.803746809	0.1	0.25	1
PHC2	0.377851374	-1.265652273	0.1	0.25	1
UBA1	0.378456634	1.205287696	0.6	0.417	1
DBI	0.378456634	0.326106223	0.6	0.417	1
PSMB1	0.379793783	0.344028028	0.7	0.583	1
RASGRP1	0.38753364	0.565265261	0.5	0.417	1
ETF1	0.38753364	0.363972579	0.5	0.417	1
RPF1	0.393296773	0.981048482	0.7	0.5	1
PRICKLE4	0.393296773	0.569306973	0.7	0.5	1
ARPC3	0.393296773	0.385189948	0.7	0.5	1
HINT1	0.393296773	-0.429953245	0.6	0.583	1
SSR2	0.393296773	-0.874968464	0.5	0.667	1
UBE2V1.1	0.393296773	-0.911946106	0.6	0.583	1
BTG2	0.393296773	-1.215877951	0.6	0.583	1
PLEKHM2	0.393639425	2.124006177	0.3	0.167	1
MFSD10	0.393639425	1.600158661	0.3	0.167	1
GART	0.393639425	0.839748266	0.3	0.167	1
FABP5	0.393639425	0.821273953	0.3	0.167	1
RNF113A	0.393639425	0.643688466	0.3	0.167	1
RABL3	0.393639425	0.454354117	0.3	0.167	1
AKT3	0.393639425	0.400592073	0.3	0.167	1
ATP6V1B2	0.393639425	0.355294324	0.3	0.167	1
DHFR	0.393639425	0.352161723	0.3	0.167	1
KPNA1	0.394914558	0.522682888	0.5	0.333	1
HIST1H4K.8	0.394914558	0.45542342	0.5	0.333	1
RANBP9	0.394914558	0.384989922	0.5	0.333	1
WDR70	0.400115644	0.654386207	0.5	0.25	1
ARFGEF1	0.400115644	0.33699534	0.5	0.25	1
PRPF38A	0.400115644	0.256486302	0.5	0.25	1
DAP	0.400115644	-0.705447744	0.3	0.417	1
FAM113B	0.402269864	0.429561134	0.9	0.5	1
SKI	0.402444004	0.840434543	0.4	0.25	1
DEF6	0.402444004	0.784679348	0.4	0.25	1
USP39	0.402444004	0.698718709	0.4	0.25	1
MRPS24	0.402444004	0.603643087	0.4	0.25	1
FER1L5	0.402444004	0.567300797	0.4	0.25	1
LBH	0.402444004	0.535019988	0.4	0.25	1
ARF5	0.402444004	0.488937208	0.4	0.25	1
GAR1	0.402444004	0.463754035	0.4	0.25	1
STAG1	0.406024634	0.352022009	0.7	0.417	1
ID2	0.406024634	-1.383863138	0.5	0.583	1
RARS2	0.407388007	2.172008937	0.2	0.083	1
OAZ2	0.407388007	1.7214673	0.2	0.083	1
CASD1	0.407388007	1.61120097	0.2	0.083	1
IMPDH2	0.407388007	1.505994062	0.2	0.083	1
KDM3B	0.407388007	1.186784764	0.2	0.083	1
PREB	0.407388007	1.082228518	0.2	0.083	1
ATG9B	0.407388007	1.021972616	0.2	0.083	1
COMMD5	0.407388007	0.933911761	0.2	0.083	1
DOK1	0.407388007	0.808447675	0.2	0.083	1
ZKSCAN1	0.407388007	0.7869995	0.2	0.083	1
PEX19	0.407388007	0.771490742	0.2	0.083	1
DPH6	0.407388007	0.747791118	0.2	0.083	1
ATXN2	0.407388007	0.74413212	0.2	0.083	1
KIF2C	0.407388007	0.73351295	0.2	0.083	1
PRKAR2A	0.407388007	0.725772237	0.2	0.083	1
MAGED2	0.407388007	0.707791041	0.2	0.083	1
CLASP1	0.407388007	0.655870415	0.2	0.083	1
SNX25	0.407388007	0.641033809	0.2	0.083	1
CHCHD3	0.407388007	0.626915063	0.2	0.083	1
CCNB2	0.407388007	0.596229188	0.2	0.083	1
SNAP47	0.407388007	0.594766754	0.2	0.083	1
NDUFAF4	0.407388007	0.585152986	0.2	0.083	1
LRRC42	0.407388007	0.572251787	0.2	0.083	1
ING4	0.407388007	0.554084806	0.2	0.083	1
UMPS	0.407388007	0.484809018	0.2	0.083	1
NCOA1	0.407388007	0.479611568	0.2	0.083	1
PEX13	0.407388007	0.466835391	0.2	0.083	1
IFT57	0.407388007	0.443039801	0.2	0.083	1
WDR61	0.407388007	0.431124473	0.2	0.083	1
TOR3A	0.407388007	0.42871677	0.2	0.083	1
ALMS1	0.407388007	0.421869515	0.2	0.083	1
INTS9	0.407388007	0.414659023	0.2	0.083	1
TFB1M	0.407388007	0.391827682	0.2	0.083	1
PRDX4	0.407388007	0.387654621	0.2	0.083	1
MTHFD1L	0.407388007	0.351096317	0.2	0.083	1
EMC7	0.407388007	0.349022164	0.2	0.083	1
RNF14	0.407388007	0.344548326	0.2	0.083	1
HARS	0.407388007	0.339119119	0.2	0.083	1
GTPBP10	0.407388007	0.298432501	0.2	0.083	1
OIP5	0.407388007	0.29450228	0.2	0.083	1
STRAP	0.407388007	0.287212902	0.2	0.083	1
ALPK1	0.407388007	0.282394574	0.2	0.083	1
MLXIP	0.407388007	0.258615784	0.2	0.083	1
SRA1	0.407388007	0.256835749	0.2	0.083	1
DDX3X	0.407616902	0.380787969	0.6	0.333	1
SDHC	0.407616902	0.293339205	0.6	0.333	1
OXA1L	0.407616902	-0.771422129	0.6	0.333	1
CD164	0.407616902	-0.924446211	0.4	0.5	1
COPA	0.407616902	-1.495897474	0.4	0.5	1
DDX46	0.417776925	0.845699909	0.6	0.417	1
CHTOP	0.417776925	0.258195512	0.6	0.417	1
GCC2	0.417776925	-0.535694506	0.6	0.417	1
ARHGAP9	0.417776925	-1.124838729	0.5	0.5	1
TMEM14C	0.417776925	-1.226931779	0.5	0.5	1
X5_8S_rRNA.2	0.424178428	0.335654878	0.9	0.583	1
C6orf106	0.424813227	-0.338368017	0.4	0.167	1
PCCB	0.424813227	-0.374317351	0.2	0.333	1
PPIP5K2	0.424813227	-0.382902098	0.4	0.167	1
LAPTM4A	0.424813227	-0.562405972	0.4	0.167	1
PDE12	0.424813227	-0.589821265	0.2	0.333	1
MAGEH1	0.424813227	-0.592992711	0.4	0.167	1
MRPL9	0.424813227	-0.628854352	0.2	0.333	1
LSM6	0.424813227	-0.700221575	0.2	0.333	1
SPDYA	0.424813227	-0.818185243	0.2	0.333	1
UNC50	0.424813227	-0.994026594	0.4	0.167	1
RIOK1	0.424813227	-1.086537024	0.2	0.333	1
IFNAR1	0.424813227	-1.211178113	0.4	0.167	1
CD74	0.424813227	-1.262857765	0.2	0.333	1
PCMTD1	0.424813227	-1.291023405	0.4	0.167	1
ZBTB40	0.424813227	-1.397999491	0.2	0.333	1
GALE	0.424813227	-1.895394635	0.4	0.167	1
SCAF11	0.428307892	1.321972115	0.5	0.417	1
PUM2	0.428307892	0.378441158	0.5	0.417	1
RFX7	0.433112029	-0.384494673	0.1	0.25	1
NFKBIE	0.433112029	-0.594308042	0.1	0.25	1
CRACR2A	0.433112029	-0.744661302	0.1	0.25	1
CCDC59	0.437299578	0.558962597	0.5	0.333	1
EXOSC9	0.437299578	0.537956285	0.5	0.333	1
EIF2A	0.437299578	0.480747908	0.5	0.333	1
HIST1H4K.9	0.437299578	0.375192273	0.5	0.333	1
APEH	0.437299578	0.334059626	0.5	0.333	1
C7H14ORF166	0.437299578	0.27308021	0.5	0.333	1
NDUFA4.1	0.437299578	0.258153876	0.5	0.333	1
PRMT5	0.444317714	0.625942279	0.5	0.25	1
RETSAT	0.445318727	1.864608111	0.3	0.167	1
APC	0.445318727	1.854061852	0.3	0.167	1
MXD4	0.445318727	1.842434666	0.3	0.167	1
ICE1	0.445318727	1.444973093	0.3	0.167	1
EIF2B5	0.445318727	1.272748109	0.3	0.167	1
UGGT1	0.445318727	0.94190684	0.3	0.167	1
LYPLA2	0.445318727	0.861437143	0.3	0.167	1
NCAPG	0.445318727	0.850876227	0.3	0.167	1
HPCAL1	0.445318727	0.834256239	0.3	0.167	1
GLA	0.445318727	0.833969826	0.3	0.167	1
TACC1	0.445318727	0.740092401	0.3	0.167	1
PRKRIR	0.445318727	0.720385853	0.3	0.167	1
STMN1	0.445318727	0.668068505	0.3	0.167	1
MAMU.DQB	0.445318727	0.523762183	0.3	0.167	1
IDH3A	0.445318727	0.513120554	0.3	0.167	1
YKT6	0.445318727	0.489095584	0.3	0.167	1
SPTBN1	0.445318727	0.417968657	0.3	0.167	1
GMPR2	0.445318727	0.417739015	0.3	0.167	1
BOP1	0.445318727	0.350721927	0.3	0.167	1
PRPF18	0.445318727	0.322656259	0.3	0.167	1
UBE2A	0.445318727	0.321165929	0.3	0.167	1
DAP3	0.445318727	0.293694876	0.3	0.167	1
HNRNPA1	0.445698497	0.288823691	0.8	0.75	1
LUC7L2	0.446258632	-0.437964458	0.7	0.417	1
ARHGDIB	0.446993115	0.475723144	0.8	0.833	1
RPLP0	0.448150684	0.264617916	1	0.833	1
TMEM173	0.448735471	0.72348076	0.4	0.25	1
LAG3	0.448735471	0.688694833	0.4	0.25	1
LYAR	0.448735471	0.440769449	0.4	0.25	1
VGLL4	0.448735471	0.380114139	0.4	0.25	1
COMMD4	0.448735471	0.335418722	0.4	0.25	1
PRMT2	0.448735471	0.335095115	0.4	0.25	1
JARID2	0.448735471	0.314654309	0.4	0.25	1
LMBR1	0.448735471	-0.561438455	0.2	0.417	1
CCDC64	0.449597387	-0.402141119	0.6	0.333	1
UBE2B	0.449597387	-0.535902197	0.6	0.333	1
SYNE1	0.449597387	-1.060644342	0.4	0.5	1
CXCR4	0.449597387	-1.325558903	0.4	0.5	1
PHF3	0.459406436	0.390047281	0.6	0.417	1
X7.Sep	0.459406436	0.274709875	0.6	0.417	1
RGS1	0.459406436	0.266292938	0.6	0.417	1
SYNCRIP	0.459406436	-0.524030679	0.6	0.417	1
FOXN2	0.459406436	-0.923820872	0.7	0.333	1
GTF2I	0.467424247	0.359684383	0.4	0.333	1
TUBB	0.471474325	1.55318705	0.5	0.417	1
ARHGAP4	0.471474325	0.648712722	0.5	0.417	1
ADCK5	0.472737311	1.855445144	0.2	0.083	1
POC5	0.472737311	1.576522141	0.2	0.083	1
PIK3CA	0.472737311	1.517385169	0.2	0.083	1
FGL2	0.472737311	1.471314162	0.2	0.083	1
MUTYH	0.472737311	1.428167885	0.2	0.083	1
ZNF592	0.472737311	1.064838879	0.2	0.083	1
STAP1	0.472737311	0.882585015	0.2	0.083	1
TSPYL1	0.472737311	0.736953546	0.2	0.083	1
ADIPOR2	0.472737311	0.714188727	0.2	0.083	1
CHIC2	0.472737311	0.648198249	0.2	0.083	1
BACH1	0.472737311	0.575771496	0.2	0.083	1
ANXA3	0.472737311	0.532217532	0.2	0.083	1
GMNN	0.472737311	0.51343369	0.2	0.083	1
MTO1	0.472737311	0.501786227	0.2	0.083	1
CAPRIN2	0.472737311	0.457688933	0.2	0.083	1
IFNG	0.472737311	0.433874678	0.2	0.083	1
FGFR1OP	0.472737311	0.429735569	0.2	0.083	1
DAPK2	0.472737311	0.401341478	0.2	0.083	1
ZNF107	0.472737311	0.396502654	0.2	0.083	1
MD2	0.472737311	0.395405625	0.2	0.083	1
YARS	0.472737311	0.38171419	0.2	0.083	1
TRIM4	0.472737311	0.380095381	0.2	0.083	1
ZC3H12A	0.472737311	0.377463538	0.2	0.083	1
PAPD7	0.472737311	0.374867107	0.2	0.083	1
ACTL6A	0.472737311	0.3576539	0.2	0.083	1
KDM4A	0.472737311	0.342148213	0.2	0.083	1
COMMD8	0.472737311	0.302691905	0.2	0.083	1
DDI2	0.472737311	0.296940089	0.2	0.083	1
ASUN	0.472737311	0.290177119	0.2	0.083	1
STAG3	0.472737311	0.286133748	0.2	0.083	1
KLHL24	0.472737311	0.285122529	0.2	0.083	1
KNSTRN	0.472737311	0.28372219	0.2	0.083	1
ZMYM3	0.472737311	0.279590133	0.2	0.083	1
AKR7A2	0.472737311	0.275689714	0.2	0.083	1
TDP2	0.472737311	0.266450972	0.2	0.083	1
C11H12ORF44	0.472737311	0.266412599	0.2	0.083	1
RANBP2	0.473331342	1.43650296	0.7	0.5	1
PDIA3	0.473331342	0.967296871	0.7	0.5	1
PCM1	0.473331342	0.406227468	0.7	0.5	1
THG1L	0.475172585	-0.389953068	0.2	0.333	1
NECAP1	0.475172585	-1.212578364	0.2	0.333	1
RAP1A	0.481705356	0.414451442	0.7	0.667	1
EIF3E	0.481705356	-0.56775999	0.7	0.667	1
GDI2	0.482190316	0.697827514	0.5	0.333	1
PSMC1	0.482190316	0.666542432	0.5	0.333	1
LRP10	0.482190316	0.587087657	0.5	0.333	1
HIST1H1D	0.482190316	0.338181483	0.5	0.333	1
TRAM1	0.482190316	0.337903774	0.5	0.333	1
FUBP1	0.488670618	2.139661296	0.7	0.417	1
IVNS1ABP	0.488670618	-0.842786935	0.5	0.583	1
PSMD4	0.491181898	-0.49953501	0.5	0.25	1
R3HDM2	0.491181898	-0.64518498	0.3	0.417	1
SIN3A	0.491181898	-0.810688235	0.5	0.25	1
CSRNP1	0.491181898	-0.949166035	0.3	0.417	1
TMEM156	0.491181898	-1.031362198	0.3	0.417	1
MTSS1	0.492780736	1.150659303	0.1	0.25	1
CD244	0.492780736	0.513151591	0.1	0.25	1
ARSB	0.492780736	0.423319531	0.1	0.25	1
CCDC88C	0.493925796	1.024658254	0.6	0.333	1
NDFIP1	0.493925796	-0.380105193	0.6	0.333	1
TMEM183A	0.493925796	-0.457853252	0.6	0.333	1
ZNF410	0.493925796	-0.458437856	0.4	0.5	1
BCL2L2.PABPN1	0.493925796	-0.470874271	0.6	0.333	1
MAX	0.493925796	-0.936211188	0.4	0.5	1
X9.Sep	0.497907762	0.856415452	0.4	0.25	1
SLC25A20	0.497907762	0.425021097	0.4	0.25	1
VDAC1	0.497907762	0.418343016	0.4	0.25	1
RASSF1	0.497907762	0.410572788	0.4	0.25	1
CD47	0.497907762	0.39804166	0.4	0.25	1
LFNG	0.497907762	0.333178282	0.4	0.25	1
CSTB	0.497907762	0.275529004	0.4	0.25	1
AMD1	0.497907762	-0.412143729	0.4	0.25	1
GJA9	0.497907762	-0.466398896	0.4	0.25	1
PAPOLA	0.499296439	-0.346999749	0.7	0.583	1
TOMM70A	0.500661459	1.085535869	0.3	0.167	1
ZDHHC18	0.500661459	0.975600438	0.3	0.167	1
HDDC2	0.500661459	0.762471141	0.3	0.167	1
FLJ21616	0.500661459	0.718880981	0.3	0.167	1
CISD2	0.500661459	0.576445138	0.3	0.167	1
L3MBTL3	0.500661459	0.555740583	0.3	0.167	1
YEATS2	0.500661459	0.537193718	0.3	0.167	1
PPWD1	0.500661459	0.361331403	0.3	0.167	1
AGPAT3	0.500661459	0.342559385	0.3	0.167	1
RNASE4	0.500661459	0.334494331	0.3	0.167	1
IAH1	0.500661459	0.334168023	0.3	0.167	1
PIK3CD	0.500661459	0.327625229	0.3	0.167	1
SLC35A2	0.500661459	0.274103507	0.3	0.167	1
RAB7L1	0.500661459	-0.370444055	0.3	0.167	1
FAM63B	0.500661459	-0.408499234	0.3	0.167	1
CD96	0.500661459	-0.672392109	0.3	0.167	1
NACA	0.505414754	-0.658367995	0.7	0.75	1
X5.Sep	0.510664388	0.607423327	0.6	0.5	1
BUD31	0.510664388	0.321824388	0.6	0.5	1
DEGS1	0.515573311	0.862077034	0.4	0.333	1
FKBP11	0.515573311	0.717203964	0.4	0.333	1
NUB1	0.515573311	0.702313999	0.4	0.333	1
UBR4	0.516482539	0.981958209	0.7	0.5	1
POLR2B	0.516937044	-1.038911577	0.5	0.417	1
KMT2C	0.524413817	-0.93379489	0.9	0.5	1
SMIM15	0.528643615	-0.524331464	0.2	0.333	1
RPS29	0.528708493	-0.47529277	0.7	0.833	1
X7SK.115	0.529475538	1.023009392	0.5	0.333	1
LMBRD1	0.529475538	0.437658932	0.5	0.333	1
DDX60L	0.529475538	0.362288936	0.5	0.333	1
PSMB2	0.529475538	0.264804282	0.5	0.333	1
NRDE2	0.529475538	0.256070343	0.5	0.333	1
PRPS1	0.529475538	-0.272450628	0.5	0.333	1
EPS15	0.529475538	-0.615773729	0.4	0.417	1
CTDSP2	0.529475538	-0.731704033	0.5	0.333	1
BRWD1	0.529475538	-0.754148843	0.5	0.333	1
TGFBR2	0.529475538	-0.872608292	0.4	0.417	1
SENP6	0.529475538	-1.312396419	0.5	0.333	1
ARPC1B	0.529881118	0.356586006	1	0.667	1
MAMU.A2	0.530929089	-0.293822885	1	0.833	1
SLC4A7	0.533164739	-0.413776715	0.7	0.417	1
RNF19A	0.540491475	-0.316975494	0.6	0.333	1
COX17	0.540491475	-0.369343873	0.4	0.5	1
ATP5G3.1	0.540491475	-0.381831849	0.6	0.333	1
RILPL2	0.540491475	-0.547158132	0.4	0.5	1
DHX36	0.540491475	-0.558000506	0.6	0.333	1
IFI44	0.540578795	-0.587133382	0.3	0.417	1
DCAF6	0.540578795	-0.678485059	0.3	0.417	1
GZMB	0.540578795	-1.151951093	0.3	0.417	1
PEA15	0.54347544	0.297473102	0.2	0.083	1
ETV3	0.54347544	-0.260084679	0.2	0.083	1
FAM26F	0.54347544	-0.265766814	0.2	0.083	1
ASF1A	0.54347544	-0.277456344	0.2	0.083	1
PON2	0.54347544	-0.283844837	0.2	0.083	1
SLC37A1	0.54347544	-0.287063848	0.2	0.083	1
TARS2	0.54347544	-0.288964906	0.2	0.083	1
MFSD1	0.54347544	-0.294056036	0.2	0.083	1
TIMMDC1	0.54347544	-0.323875348	0.2	0.083	1
CHCHD6	0.54347544	-0.343764588	0.2	0.083	1
MTHFR	0.54347544	-0.355560634	0.2	0.083	1
TMEM87B	0.54347544	-0.381851095	0.2	0.083	1
VPS33B	0.54347544	-0.391294373	0.2	0.083	1
GCLC	0.54347544	-0.401010472	0.2	0.083	1
PM20D2	0.54347544	-0.403278807	0.2	0.083	1
UIMC1	0.54347544	-0.414694579	0.2	0.083	1
FBXO34	0.54347544	-0.431995962	0.2	0.083	1
PAM	0.54347544	-0.451797104	0.2	0.083	1
GBAS	0.54347544	-0.492432526	0.2	0.083	1
LRRC8D	0.54347544	-0.497067068	0.2	0.083	1
SPATA5	0.54347544	-0.509808287	0.2	0.083	1
AGTRAP	0.54347544	-0.554226242	0.2	0.083	1
LIN54	0.54347544	-0.561248308	0.2	0.083	1
KLHL5	0.54347544	-0.576945265	0.2	0.083	1
TSACC	0.54347544	-0.594361059	0.2	0.083	1
ABHD14A	0.54347544	-0.604027323	0.2	0.083	1
SEC24B	0.54347544	-0.661123028	0.2	0.083	1
PIGM	0.54347544	-0.794862075	0.2	0.083	1
BRAT1	0.54347544	-0.848549266	0.2	0.083	1
ZNF518B	0.54347544	-0.855484163	0.2	0.083	1
MAP3K4	0.54347544	-0.867972961	0.2	0.083	1
NR2C1	0.54347544	-0.914473881	0.2	0.083	1
PCK2	0.54347544	-0.984841572	0.2	0.083	1
GORASP1	0.54347544	-1.223291998	0.2	0.083	1
GNG2	0.549235823	-0.370277788	0.6	0.417	1
TOMM20	0.549235823	-1.012610622	0.5	0.5	1
RAP1GDS1	0.549809273	0.563281054	0.4	0.25	1
VDAC3	0.549809273	0.518195537	0.4	0.25	1
ASXL2	0.549809273	-0.32185831	0.4	0.25	1
IKBKG	0.549809273	-1.189690222	0.4	0.25	1
PSMD6	0.549809273	-1.528850793	0.3	0.333	1
PUM1	0.556155769	-1.079967932	0.6	0.5	1
NCOA2	0.559451704	2.160674554	0.3	0.167	1
UBR2	0.559451704	1.024960331	0.3	0.167	1
PEX6	0.559451704	0.839995567	0.3	0.167	1
CBLL1	0.559451704	0.554918974	0.3	0.167	1
CIAO1	0.559451704	0.388309946	0.3	0.167	1
LEPROTL1	0.559451704	0.317170076	0.3	0.167	1
ACBD3	0.559451704	0.310640824	0.3	0.167	1
MRPS28	0.559451704	0.287325976	0.3	0.167	1
RPA2	0.559451704	0.266887754	0.3	0.167	1
DIAPH2	0.559451704	0.265697071	0.3	0.167	1
FBXO5	0.559451704	-0.276567399	0.3	0.167	1
PQBP1	0.559451704	-0.451122871	0.3	0.167	1
ACPL2	0.559451704	-0.476945454	0.3	0.167	1
C12ORF41	0.559451704	-0.487323169	0.3	0.167	1
ZNF706	0.561587825	0.51675296	0.6	0.583	1
TOX4	0.56457068	0.266491709	0.5	0.417	1
PITRM1	0.566176343	1.994048146	0.4	0.333	1
GIMAP7	0.56898262	-1.038796448	0.7	0.667	1
ISG15	0.571329106	0.293973587	0.8	0.667	1
GAPDH	0.574073437	0.410979744	0.8	0.833	1
BTG1	0.574724309	-0.328857172	1	0.75	1
RICTOR	0.579011258	1.442837967	0.5	0.333	1
ELOVL1	0.579011258	0.493168291	0.3	0.5	1
KRR1	0.579011258	0.472245239	0.5	0.333	1
SNRPD2.1	0.579011258	0.258679581	0.5	0.333	1
SND1	0.579011258	-0.301225119	0.5	0.333	1
TIA1	0.579011258	-0.63118506	0.5	0.333	1
BACH2	0.579011258	-0.766202444	0.5	0.333	1
OSBPL8	0.579011258	-1.164184078	0.4	0.417	1
IMP4	0.585019527	-0.489451207	0.2	0.333	1
MRFAP1	0.589154465	-0.301855863	0.6	0.333	1
ATPIF1	0.589154465	-0.334649539	0.6	0.333	1
HOOK3	0.589154465	-0.623121865	0.6	0.333	1
PTPN22	0.589154465	-0.824192379	0.6	0.333	1
CYC1	0.592341677	-0.262902103	0.3	0.417	1
INPP4A	0.592341677	-0.350536868	0.3	0.417	1
CLDND1	0.592341677	-0.477440967	0.5	0.25	1
MAT2B	0.592341677	-0.573972907	0.3	0.417	1
TP53BP1	0.592341677	-0.598448217	0.5	0.25	1
STK17A	0.59680545	0.40728089	0.9	0.75	1
PRKDC	0.597189723	1.040559732	0.6	0.417	1
SMN1	0.597189723	0.72258797	0.6	0.417	1
PSME4	0.597189723	0.339389059	0.6	0.417	1
RAB3GAP2	0.597189723	0.268147548	0.6	0.417	1
SEC62	0.597189723	-0.58020355	0.5	0.5	1
MSL2	0.603538603	0.340136469	0.6	0.5	1
HDAC1	0.604244445	0.25236531	0.4	0.25	1
EIF1B	0.604244445	-0.272222822	0.4	0.25	1
ERAP1	0.604244445	-0.34694623	0.4	0.25	1
IFRD1	0.604244445	-0.351246105	0.4	0.25	1
PLAGL1	0.604244445	-0.399120463	0.4	0.25	1
SENP5	0.604244445	-0.480624395	0.3	0.333	1
TNFRSF10D	0.604244445	-0.54612623	0.4	0.25	1
DLG3	0.604244445	-0.615100976	0.4	0.25	1
RTCA	0.604244445	-0.780114979	0.4	0.25	1
TDG	0.604244445	-0.809696409	0.3	0.333	1
GIMAP4	0.608516395	-0.773100315	0.6	0.583	1
ARPP19	0.614217581	1.277987374	0.3	0.25	1
GPATCH3	0.614217581	0.953866232	0.3	0.25	1
CMPK1	0.614217581	0.93275621	0.3	0.25	1
SRPK2	0.615284526	0.486307871	0.8	0.583	1
KIF14	0.615284526	0.307867254	0.7	0.667	1
SRSF3	0.615284526	-0.27260063	0.6	0.75	1
RPL24	0.618941103	-0.329609692	0.7	0.833	1
LAPTM5	0.618941103	-0.496740681	0.9	0.667	1
KLF6	0.618941103	-0.895141177	0.9	0.667	1
ZNHIT1	0.6190483	0.871688803	0.4	0.333	1
LNPEP	0.6190483	0.75923477	0.4	0.333	1
BCAP31	0.6190483	0.730920544	0.4	0.333	1
SLC25A38	0.6190483	0.484213696	0.4	0.333	1
TARDBP	0.6190483	0.399590425	0.4	0.333	1
KAT6A	0.6190483	0.306158425	0.4	0.333	1
PPP3CC	0.6190483	0.279008923	0.4	0.333	1
TMEM39A	0.619118992	-0.267722418	0.1	0.167	1
VPS72	0.619118992	-0.278665243	0.1	0.167	1
AZI2	0.619118992	-0.280720385	0.1	0.167	1
POLR3D	0.619118992	-0.280731028	0.1	0.167	1
FAM69A	0.619118992	-0.283840098	0.1	0.167	1
CRELD1	0.619118992	-0.289886256	0.1	0.167	1
snoU13.401	0.619118992	-0.291294941	0.1	0.167	1
PAXIP1	0.619118992	-0.303659388	0.1	0.167	1
C12orf4	0.619118992	-0.306595223	0.1	0.167	1
RPF2	0.619118992	-0.327205835	0.1	0.167	1
LYPLAL1	0.619118992	-0.342547296	0.1	0.167	1
NEK7	0.619118992	-0.344469924	0.1	0.167	1
CMA1	0.619118992	-0.366477824	0.1	0.167	1
PPP1R21	0.619118992	-0.375753464	0.1	0.167	1
DDX55	0.619118992	-0.375892807	0.1	0.167	1
ZDHHC17	0.619118992	-0.399243057	0.1	0.167	1
SPTLC2	0.619118992	-0.407750458	0.1	0.167	1
MAP2K5	0.619118992	-0.420151915	0.1	0.167	1
DUS4L	0.619118992	-0.428353297	0.1	0.167	1
HEXB	0.619118992	-0.432660354	0.1	0.167	1
ARF3	0.619118992	-0.437698474	0.1	0.167	1
RFK	0.619118992	-0.447818407	0.1	0.167	1
ATP2A2	0.619118992	-0.466335426	0.1	0.167	1
POC1A	0.619118992	-0.495838047	0.1	0.167	1
NGDN	0.619118992	-0.506677068	0.1	0.167	1
HOOK1	0.619118992	-0.538947348	0.1	0.167	1
LMTK2	0.619118992	-0.546994053	0.1	0.167	1
ATRAID	0.619118992	-0.551049961	0.1	0.167	1
TBC1D23	0.619118992	-0.560953878	0.1	0.167	1
C8orf33	0.619118992	-0.619217311	0.1	0.167	1
PRMT6	0.619118992	-0.620187755	0.1	0.167	1
SESN1	0.619118992	-0.621765794	0.1	0.167	1
PGGT1B	0.619118992	-0.633082845	0.1	0.167	1
TMEM106C	0.619118992	-0.657784405	0.1	0.167	1
GNL2	0.619118992	-0.684094634	0.1	0.167	1
TGOLN2	0.619118992	-0.685243295	0.1	0.167	1
HSD17B11	0.619118992	-0.762525901	0.1	0.167	1
TATDN1	0.619118992	-0.767153893	0.1	0.167	1
GLB1	0.619118992	-0.799368274	0.1	0.167	1
HIP1R	0.619118992	-0.813497698	0.1	0.167	1
CALCOCO1	0.619118992	-0.818132626	0.1	0.167	1
CR2	0.619118992	-0.880800408	0.1	0.167	1
FNTA	0.619118992	-0.937590601	0.1	0.167	1
THEMIS	0.619118992	-1.009195371	0.1	0.167	1
MGA	0.619118992	-1.028628936	0.1	0.167	1
DTX3	0.619118992	-1.099008454	0.1	0.167	1
TM7SF3	0.619118992	-1.105299613	0.1	0.167	1
TMEM106B	0.619118992	-1.227718941	0.1	0.167	1
GUSB	0.619118992	-1.521585652	0.1	0.167	1
ADPGK	0.619118992	-1.605236092	0.1	0.167	1
NBAS	0.619118992	-1.626568145	0.1	0.167	1
NPRL2	0.619118992	-1.647929363	0.1	0.167	1
FIG4	0.619118992	-1.710640784	0.1	0.167	1
PLK2	0.619118992	-1.807991417	0.1	0.167	1
SFMBT1	0.619118992	-1.985412375	0.1	0.167	1
KMT2E	0.620533215	0.409332666	1	0.75	1
RPS17L	0.620533215	-0.48620144	1	0.75	1
RPL21	0.620829527	-0.358350248	1	0.833	1
KIAA0232	0.621403036	-0.270413028	0.2	0.25	1
BRWD3	0.621403036	-0.286257852	0.3	0.167	1
GLRX	0.621403036	-0.293179612	0.3	0.167	1
WDR6	0.621403036	-0.316691318	0.3	0.167	1
TMED4	0.621403036	-0.354624117	0.3	0.167	1
MED21	0.621403036	-0.383493575	0.3	0.167	1
PAIP1	0.621403036	-0.398018244	0.3	0.167	1
KLHL2	0.621403036	-0.402016019	0.3	0.167	1
CD55	0.621403036	-0.404887182	0.2	0.25	1
MED30	0.621403036	-0.405047803	0.2	0.25	1
ZBTB2	0.621403036	-0.406102908	0.2	0.25	1
NR3C1	0.621403036	-0.451629376	0.3	0.167	1
MTERFD1	0.621403036	-0.488317166	0.2	0.25	1
SASS6	0.621403036	-0.49842662	0.3	0.167	1
TNIP1	0.621403036	-0.500636012	0.2	0.25	1
NSUN5	0.621403036	-0.520550834	0.3	0.167	1
ZRSR2	0.621403036	-0.590295735	0.2	0.25	1
MPC1	0.621403036	-0.61099186	0.2	0.25	1
TXK	0.621403036	-0.658901847	0.3	0.167	1
EIF2D	0.621403036	-0.668134725	0.3	0.167	1
DECR1	0.621403036	-0.698710399	0.2	0.25	1
NUDT9	0.621403036	-0.904924425	0.2	0.25	1
ATG5	0.621403036	-1.111325426	0.2	0.25	1
ZNF281	0.621403036	-1.177577072	0.3	0.167	1
YIPF3	0.621403036	-1.431364596	0.2	0.25	1
PARP8	0.630621498	1.240935777	0.4	0.417	1
CNOT4	0.630621498	0.250993377	0.5	0.333	1
C3H21ORF91	0.630621498	-1.017278585	0.4	0.417	1
CAPN7	0.639746335	-0.346867984	0.4	0.5	1
TRAF3IP3	0.639746335	-0.968626173	0.4	0.5	1
PFDN5	0.641075213	0.679958123	0.9	0.583	1
METAP2	0.646962031	-0.330867369	0.6	0.417	1
PNPLA8	0.646962031	-0.499914762	0.5	0.5	1
GPRIN3	0.646962031	-0.750351097	0.5	0.5	1
KIAA1033	0.646962031	-1.56768537	0.5	0.5	1
DAZAP2	0.652655571	-0.307300029	0.6	0.5	1
GBP1	0.652655571	-0.652321028	0.6	0.5	1
SPEN	0.652655571	-0.870291483	0.6	0.5	1
SOD1	0.652655571	-0.949026334	0.6	0.5	1
DENND4A	0.66056143	-0.684059242	0.6	0.667	1
UBR5	0.66056143	-1.243410295	0.8	0.5	1
VARS	0.660975291	-0.335898253	0.4	0.25	1
XPO7	0.660975291	-0.429795561	0.4	0.25	1
SIVA1	0.660975291	-0.456524778	0.3	0.333	1
TMCO1	0.660975291	-0.458358169	0.3	0.333	1
ZCCHC9	0.660975291	-0.599871765	0.4	0.25	1
COX19	0.660975291	-0.676864072	0.3	0.333	1
ZUFSP	0.660975291	-0.904035614	0.4	0.25	1
WDR43	0.660975291	-1.126183775	0.3	0.333	1
RFWD2	0.660975291	-1.377920502	0.3	0.333	1
DGKA	0.663171523	1.287701649	0.6	0.75	1
COX5B	0.663171523	-0.52972021	0.7	0.667	1
BAT2L2	0.667863445	0.274527328	1	0.75	1
HNRNPAB	0.673968788	0.951015772	0.4	0.333	1
SLC25A24	0.673968788	0.522449466	0.4	0.333	1
AIM1	0.673968788	0.450264643	0.4	0.333	1
CSNK1G3	0.673968788	0.423201536	0.4	0.333	1
IMMT	0.673968788	0.278699828	0.4	0.333	1
PIAS1	0.673968788	-0.287002743	0.4	0.333	1
NIFK	0.674447513	1.189822412	0.3	0.25	1
FTSJD2	0.674447513	0.417288142	0.3	0.25	1
SRGAP2	0.674447513	0.386969072	0.3	0.25	1
SETD5	0.6840998	0.415608765	0.5	0.333	1
C7ORF59	0.6840998	-0.266481284	0.5	0.333	1
PIM2	0.6840998	-0.387690377	0.4	0.417	1
PARK7	0.6840998	-1.305133269	0.4	0.417	1
CD247	0.68616153	-0.255716601	0.3	0.167	1
TRMT1L	0.68616153	-0.256852426	0.3	0.167	1
MYL6B	0.68616153	-0.266689947	0.2	0.25	1
SDR39U1	0.68616153	-0.275665614	0.3	0.167	1
CHCHD5	0.68616153	-0.283432188	0.2	0.25	1
MEF2D	0.68616153	-0.284087002	0.3	0.167	1
GNPDA2	0.68616153	-0.300759567	0.3	0.167	1
SLC39A1	0.68616153	-0.318239112	0.2	0.25	1
DKC1	0.68616153	-0.329118768	0.2	0.25	1
ITGB1BP1	0.68616153	-0.340118897	0.2	0.25	1
TRAF5	0.68616153	-0.372518429	0.3	0.167	1
ATF6B	0.68616153	-0.392782198	0.3	0.167	1
TMEM71	0.68616153	-0.428674717	0.3	0.167	1
SELK	0.68616153	-0.433607554	0.2	0.25	1
ZNF827	0.68616153	-0.44174164	0.3	0.167	1
RBM6	0.68616153	-0.44891669	0.3	0.167	1
VMA21	0.68616153	-0.456115316	0.2	0.25	1
DLD	0.68616153	-0.46460544	0.3	0.167	1
LETMD1	0.68616153	-0.467358386	0.3	0.167	1
FBXO25	0.68616153	-0.477016738	0.2	0.25	1
GABPB1	0.68616153	-0.491561659	0.3	0.167	1
GALK2	0.68616153	-0.517527998	0.3	0.167	1
KIAA2013	0.68616153	-0.522352477	0.2	0.25	1
MRPL3	0.68616153	-0.530295522	0.3	0.167	1
CMAS	0.68616153	-0.536855498	0.3	0.167	1
ZNF92	0.68616153	-0.599061405	0.3	0.167	1
NDUFB5	0.68616153	-0.613559264	0.3	0.167	1
IGF2R	0.68616153	-0.625946392	0.3	0.167	1
SKAP2	0.68616153	-0.64598998	0.2	0.25	1
RP2	0.68616153	-0.649238367	0.2	0.25	1
EMC2	0.68616153	-0.665646182	0.3	0.167	1
SMPDL3A	0.68616153	-0.670887016	0.2	0.25	1
DTNBP1	0.68616153	-0.672725789	0.3	0.167	1
MMGT1	0.68616153	-0.684640973	0.3	0.167	1
SLAMF1	0.68616153	-0.70627276	0.3	0.167	1
EFHD2	0.68616153	-0.802958662	0.3	0.167	1
DHX30	0.68616153	-0.824842365	0.3	0.167	1
MZT2B	0.68616153	-0.840070702	0.3	0.167	1
TNK2	0.68616153	-0.905940034	0.3	0.167	1
AIFM1	0.68616153	-0.97105646	0.3	0.167	1
CEP120	0.68616153	-0.979678685	0.2	0.25	1
KIAA0141	0.68616153	-0.989472098	0.2	0.25	1
TUSC2	0.68616153	-1.09820698	0.3	0.167	1
TNFSF10	0.68616153	-1.117350824	0.3	0.167	1
RPS6KA1	0.68616153	-1.59527284	0.3	0.167	1
CMAH	0.68616153	-1.60964274	0.3	0.167	1
FDFT1	0.68616153	-1.648873427	0.3	0.167	1
DDX24	0.698365977	1.06733182	0.5	0.5	1
C8ORF59	0.698365977	-0.30434769	0.6	0.417	1
ZC3H11A	0.698365977	-0.621045239	0.5	0.5	1
PRKCQ	0.698365977	-0.699137896	0.5	0.5	1
ARAP2	0.698365977	-1.071199415	0.5	0.5	1
SNAPIN	0.69902805	-0.265652263	0.1	0.167	1
KLF3	0.69902805	-0.266600616	0.1	0.167	1
ZC3H12D	0.69902805	-0.268054734	0.1	0.167	1
FAM164A	0.69902805	-0.299070125	0.1	0.167	1
ELK4	0.69902805	-0.306998531	0.1	0.167	1
PTPN7	0.69902805	-0.30717369	0.1	0.167	1
SCARNA21.2	0.69902805	-0.331492694	0.1	0.167	1
SLC35A5	0.69902805	-0.333906947	0.1	0.167	1
NOTCH2	0.69902805	-0.342936909	0.1	0.167	1
RWDD3	0.69902805	-0.376486873	0.1	0.167	1
PNMA1	0.69902805	-0.391808799	0.1	0.167	1
TWISTNB	0.69902805	-0.509097905	0.1	0.167	1
FBXO30	0.69902805	-0.587069423	0.1	0.167	1
NSL1	0.69902805	-0.615517075	0.1	0.167	1
ZNF7	0.69902805	-0.616468562	0.1	0.167	1
MON1A	0.69902805	-0.785979745	0.1	0.167	1
ING3	0.69902805	-0.825715394	0.1	0.167	1
AP5Z1	0.69902805	-0.909126931	0.1	0.167	1
TMEM248	0.69902805	-1.084202577	0.1	0.167	1
CD40LG	0.69902805	-1.34216807	0.1	0.167	1
C15ORF57	0.69902805	-1.42236489	0.1	0.167	1
PIGY	0.702119278	-0.401813121	0.3	0.417	1
TAB2	0.70332671	0.749430757	0.6	0.5	1
NAA15	0.70332671	-0.615234419	0.6	0.5	1
BRD2	0.710206742	-1.224577966	0.6	0.667	1
TAGLN2	0.712476092	-0.600378886	0.7	0.667	1
HSP90AB1	0.715317042	-0.596586144	0.8	0.75	1
CCNL1	0.716552961	-0.473767517	1	0.75	1
SMAP2	0.718816361	-0.460666452	0.5	0.417	1
GBP3	0.719724086	-0.299943183	0.3	0.333	1
FUT8	0.719724086	-0.327307083	0.3	0.333	1
CYCS	0.719724086	-0.417495049	0.4	0.25	1
ERCC3	0.719724086	-0.515469987	0.4	0.25	1
NUP133	0.719724086	-0.54475055	0.3	0.333	1
MSL3	0.719724086	-0.621649431	0.3	0.333	1
HSPB11	0.719724086	-0.67333687	0.3	0.333	1
GPR171	0.719724086	-0.6967823	0.3	0.333	1
TBCC	0.719724086	-0.816165464	0.4	0.25	1
POLE4	0.719724086	-0.930692802	0.3	0.333	1
LIMS1	0.719724086	-0.956801115	0.4	0.25	1
POLR3GL	0.719724086	-1.049226605	0.3	0.333	1
TMED9	0.719724086	-1.062380479	0.3	0.333	1
GBP6	0.719724086	-1.335835272	0.3	0.333	1
BBX	0.719724086	-1.574062037	0.4	0.25	1
ERLEC1	0.72918311	0.518520808	0.5	0.583	1
PRRC2A	0.72918311	-0.385288026	0.5	0.583	1
FAM107B	0.72918311	-0.445537916	0.7	0.417	1
STK40	0.730684519	1.419634805	0.4	0.333	1
MDP1	0.730684519	0.297363765	0.4	0.333	1
OAS1	0.731638799	0.890787881	0.2	0.167	1
FAM50A	0.731638799	0.724396438	0.2	0.167	1
TTC24	0.731638799	0.629662095	0.2	0.167	1
TRAPPC12	0.731638799	0.553138059	0.2	0.167	1
MALSU1	0.731638799	0.5236606	0.2	0.167	1
UTP11L	0.731638799	0.510280035	0.2	0.167	1
METAP1	0.731638799	0.502569545	0.2	0.167	1
CENPE	0.731638799	0.499065996	0.2	0.167	1
NUDT1	0.731638799	0.48556755	0.2	0.167	1
DHRS1	0.731638799	0.455391077	0.2	0.167	1
C1H1ORF123	0.731638799	0.391407482	0.2	0.167	1
TCF7	0.731638799	0.336992216	0.2	0.167	1
RPAP3	0.731638799	0.328482259	0.2	0.167	1
DICER1	0.731638799	0.31619212	0.2	0.167	1
SNORA48.4	0.731638799	0.279764215	0.2	0.167	1
UBA6	0.731638799	0.252660629	0.2	0.167	1
DEDD	0.736839534	1.787204333	0.3	0.25	1
ACTR10	0.736839534	0.549794842	0.3	0.25	1
BCL10	0.736839534	0.485747685	0.3	0.25	1
DIP2A	0.736839534	0.484652457	0.3	0.25	1
TAF9	0.736839534	0.43358456	0.3	0.25	1
ERGIC2	0.736839534	0.403122088	0.3	0.25	1
RAB27A	0.736839534	0.377167796	0.3	0.25	1
SLC4A1AP	0.736839534	0.344691961	0.3	0.25	1
FAM208A	0.736839534	-0.482200535	0.3	0.25	1
PGRMC1	0.736839534	-0.602576479	0.3	0.25	1
DDIT3	0.736839534	-0.795336348	0.3	0.25	1
FYN	0.73913644	-1.070811505	0.9	0.583	1
LPIN1	0.739211487	-0.273236455	0.4	0.417	1
PDCD2	0.739211487	-0.394164253	0.4	0.417	1
G3BP2	0.739211487	-0.4049724	0.5	0.333	1
PPHLN1	0.739211487	-0.468835485	0.4	0.417	1
RAB8B	0.739211487	-0.474736882	0.4	0.417	1
CCDC174	0.739211487	-0.481766202	0.4	0.417	1
ACAP2	0.739211487	-0.571789581	0.4	0.417	1
LBR	0.739211487	-0.592034288	0.5	0.333	1
RNF7	0.739211487	-0.592857176	0.4	0.417	1
PBXIP1	0.751192247	0.449723516	0.6	0.417	1
SMEK1	0.751192247	-0.777258401	0.6	0.417	1
PHF1	0.753311148	-0.320812641	0.2	0.25	1
TAF1	0.753311148	-0.411000417	0.2	0.25	1
KLHL8	0.753311148	-0.443985173	0.2	0.25	1
KIAA0226	0.753311148	-0.48354705	0.2	0.25	1
GIMAP5	0.753311148	-0.53799234	0.2	0.25	1
SMAP1	0.753311148	-0.550374053	0.2	0.25	1
NSMCE2	0.753311148	-0.568629555	0.2	0.25	1
MRPS17	0.753311148	-0.61820146	0.2	0.25	1
COG2	0.753311148	-0.654956731	0.2	0.25	1
BRI3BP	0.753311148	-0.687782738	0.2	0.25	1
SEC11A	0.753311148	-0.747199805	0.2	0.25	1
WDR45	0.753311148	-0.85758554	0.2	0.25	1
DNAJB9	0.753311148	-0.948534273	0.2	0.25	1
IL12RB2	0.753311148	-1.031285155	0.2	0.25	1
EXOC1	0.753311148	-1.577820421	0.2	0.25	1
IL7R	0.755351265	0.595163598	0.6	0.5	1
GNB1	0.759628259	-0.601942005	0.3	0.417	1
SLC2A3	0.763012872	-0.320410342	0.8	0.583	1
MIER1	0.765389507	0.600848912	0.9	0.667	1
RPL21.2	0.766615372	-0.252044059	1	0.833	1
RPS12.1	0.766615372	-0.267450408	1	0.833	1
EEF1A1	0.766615372	-0.283053669	1	0.833	1
CCT4	0.77332154	0.39994363	0.5	0.417	1
NONO	0.77332154	-0.973327225	0.5	0.417	1
GAK	0.780177207	1.047755309	0.3	0.333	1
LAMTOR2	0.780177207	-0.39215271	0.4	0.25	1
NPTN	0.780177207	-0.496970529	0.4	0.25	1
DNAJA4	0.780177207	-0.503625658	0.4	0.25	1
ATP2B4	0.780177207	-0.583642795	0.3	0.333	1
SMAD3	0.780177207	-0.620260832	0.3	0.333	1
SNX14	0.780177207	-0.657155964	0.4	0.25	1
FAM76A	0.780177207	-0.734739697	0.3	0.333	1
CHD4	0.780177207	-1.115557995	0.4	0.25	1
TMEM59	0.780177207	-1.228718219	0.4	0.25	1
ZZZ3	0.780177207	-1.538902262	0.4	0.25	1
NEDD9	0.782420335	1.305099222	0.1	0.167	1
ST3GAL3	0.782420335	1.035266287	0.1	0.167	1
OCA2	0.782420335	0.881784408	0.1	0.167	1
SLC30A5	0.782420335	0.506853523	0.1	0.167	1
VPS52	0.782420335	0.488465652	0.1	0.167	1
LTA4H	0.782420335	0.440729873	0.1	0.167	1
DDX26B	0.782420335	0.423953048	0.1	0.167	1
DPPA3	0.782420335	0.337171714	0.1	0.167	1
GDI1	0.782420335	0.258140695	0.1	0.167	1
WHSC1L1	0.786976493	-0.641287674	0.7	0.583	1
FAM129A	0.788912649	0.870231984	0.4	0.333	1
USP16	0.788912649	0.466313006	0.4	0.333	1
SOS1	0.788912649	-0.258132409	0.4	0.333	1
LINC00998	0.788912649	-0.332162614	0.4	0.333	1
SCP2	0.795696617	0.499049531	0.4	0.417	1
CAPN2	0.795696617	-4.186949431	0.5	0.333	1
IPO11	0.801016977	1.423482187	0.3	0.25	1
FAM126A	0.801016977	1.280523636	0.3	0.25	1
MTR	0.801016977	0.325883261	0.3	0.25	1
TRIM33	0.801016977	-0.291496372	0.3	0.25	1
CENPK	0.801016977	-0.499259927	0.3	0.25	1
FAM127C	0.801016977	-0.557160128	0.3	0.25	1
FAIM3	0.801016977	-0.870352928	0.3	0.25	1
ARRDC3	0.801018799	-0.637782827	0.4	0.5	1
BIN2	0.80521146	-0.454724435	0.6	0.417	1
TLR9	0.80521146	-0.608031207	0.6	0.417	1
C11H3ORF37	0.806486087	1.853367031	0.2	0.167	1
IKBKB	0.806486087	1.353433424	0.2	0.167	1
LYPLA1	0.806486087	1.077806665	0.2	0.167	1
FAM120B	0.806486087	0.663387742	0.2	0.167	1
NISCH	0.806486087	0.577074555	0.2	0.167	1
SLC35D1	0.806486087	0.470932203	0.2	0.167	1
SENP2	0.806486087	0.467438858	0.2	0.167	1
SNORD81	0.806486087	0.454977785	0.2	0.167	1
CD8B	0.806486087	0.432716762	0.2	0.167	1
CYB561D2	0.806486087	0.419843931	0.2	0.167	1
UBE3B	0.806486087	0.402962623	0.2	0.167	1
ETFDH	0.806486087	0.376468771	0.2	0.167	1
TRIM26	0.806486087	0.289867577	0.2	0.167	1
CLEC2D	0.808510006	-0.257995136	0.6	0.5	1
ELMO1	0.808510006	-0.418805854	0.6	0.5	1
CAPZA2	0.808510006	-0.715413904	0.6	0.5	1
MAN2A1	0.811087672	0.446050885	0.6	0.583	1
SSR1	0.811087672	-0.341650218	0.7	0.5	1
STK38	0.811087672	-0.805653954	0.7	0.5	1
HNRPDL	0.813076511	-0.250844586	0.6	0.667	1
PTPRC	0.817280439	0.274710254	0.9	0.833	1
X14.Jun	0.817432618	0.369057254	1	0.833	1
RPL37	0.817432618	-0.300937532	1	0.833	1
PPA2	0.818498397	0.410388334	0.3	0.417	1
NOP16	0.822381402	0.561674384	0.2	0.25	1
PARP2	0.822381402	0.423802323	0.2	0.25	1
JAZF1	0.822381402	0.390979495	0.2	0.25	1
PDCD6IP	0.822381402	0.262085292	0.2	0.25	1
SRM	0.822381402	-0.324221834	0.2	0.25	1
C4H6ORF89	0.822381402	-0.332125669	0.2	0.25	1
LRRC16A	0.822381402	-0.386990302	0.2	0.25	1
ATP8B2	0.822381402	-0.504993742	0.2	0.25	1
CRIPT	0.822381402	-0.881293101	0.2	0.25	1
ING2	0.822381402	-2.667766454	0.2	0.25	1
PTCD3	0.828968502	-0.784604671	0.5	0.417	1
TMBIM4	0.828968502	-0.935027127	0.5	0.417	1
CD52	0.83938582	-0.254260713	0.7	0.583	1
SERINC1	0.83938582	-0.417354796	0.7	0.583	1
DDX60	0.83938582	-1.355524799	0.7	0.583	1
TMEM41A	0.841990025	0.478737299	0.3	0.333	1
NUSAP1	0.841990025	0.424916501	0.3	0.333	1
TNKS	0.841990025	-0.326054044	0.3	0.333	1
IDH2	0.841990025	-0.512998528	0.4	0.25	1
NFKBIZ	0.841990025	-0.738850491	0.3	0.333	1
VPS39	0.841990025	-0.791721309	0.4	0.25	1
CAND1	0.841990025	-0.885515035	0.4	0.25	1
ERP29	0.841990025	-0.918900217	0.4	0.25	1
LRIG1	0.841990025	-0.954535837	0.3	0.333	1
HERC2	0.841990025	-1.106859652	0.4	0.25	1
VTA1	0.848344917	0.403308389	0.4	0.333	1
CXorf38	0.848344917	0.393083716	0.4	0.333	1
SERPINB9	0.848344917	-0.296514518	0.4	0.333	1
FAM103A1	0.848344917	-0.314914718	0.4	0.333	1
PPM1A	0.848344917	-0.315413543	0.4	0.333	1
RASA1	0.848344917	-0.424814241	0.4	0.333	1
SNRPN	0.848344917	-0.971925697	0.4	0.333	1
UBA7	0.848344917	-1.025620993	0.4	0.333	1
GON4L	0.853273602	0.61806151	0.4	0.417	1
LARP4	0.853273602	0.597691977	0.4	0.417	1
ARHGEF3	0.853273602	0.293734085	0.4	0.417	1
SERP1	0.853273602	-0.295977897	0.5	0.333	1
CNPY2	0.853273602	-0.480244024	0.5	0.333	1
AIM2	0.853273602	-0.495859635	0.4	0.417	1
AP3S1	0.853273602	-0.928381621	0.5	0.333	1
CDK17	0.860177112	0.304736795	0.5	0.5	1
ATP5J	0.860177112	-0.290472499	0.5	0.5	1
UQCRQ	0.862567959	-0.264624645	0.6	0.5	1
TMEM50A	0.862567959	-0.77407022	0.6	0.5	1
DUSP1	0.864435456	-0.330679227	0.6	0.583	1
CCDC142	0.864435456	-0.636458522	0.6	0.583	1
WIPI2	0.866566936	1.522724414	0.3	0.25	1
ECHDC1	0.866566936	0.58939266	0.3	0.25	1
ARHGAP25	0.866566936	0.465168074	0.3	0.25	1
INPP5B	0.866566936	0.367480164	0.3	0.25	1
U2.68	0.866566936	0.337951931	0.3	0.25	1
PSMA3	0.866566936	-0.270454163	0.3	0.25	1
TRERF1	0.866566936	-0.32999702	0.3	0.25	1
SMARCC2	0.866566936	-0.42289499	0.3	0.25	1
RWDD4A	0.866566936	-0.496908521	0.3	0.25	1
U2.42	0.866566936	-0.53446822	0.3	0.25	1
SQSTM1	0.866566936	-0.613253332	0.3	0.25	1
YAF2	0.866566936	-0.667320578	0.3	0.25	1
UPP1	0.883150159	0.650582855	0.2	0.167	1
TRPM7	0.883150159	0.646966323	0.2	0.167	1
TTC27	0.883150159	0.500846641	0.2	0.167	1
SLC25A36	0.883150159	0.491299069	0.2	0.167	1
RGS2	0.883150159	0.364201214	0.2	0.167	1
MPV17	0.883150159	0.307541354	0.2	0.167	1
CCDC48	0.883150159	-0.260174568	0.2	0.167	1
ZBED6	0.883150159	-0.280141415	0.2	0.167	1
DNAJB14	0.883150159	-0.280485749	0.2	0.167	1
UBE2J2	0.883150159	-0.324115657	0.2	0.167	1
GLO1	0.883150159	-0.331239069	0.2	0.167	1
SLC26A6	0.883150159	-0.389928261	0.2	0.167	1
CASC4	0.883150159	-0.409587198	0.2	0.167	1
POLK	0.883150159	-0.426856376	0.2	0.167	1
GABARAPL1	0.883150159	-0.445576101	0.2	0.167	1
TNFRSF14	0.883150159	-0.546432202	0.2	0.167	1
TBL1Y	0.883150159	-0.564994134	0.2	0.167	1
TAF12	0.883150159	-0.631281856	0.2	0.167	1
PDLIM7	0.883150159	-0.652984511	0.2	0.167	1
DUSP12	0.883150159	-0.70540854	0.2	0.167	1
HIGD1A	0.883150159	-1.001078161	0.2	0.167	1
SMAD5	0.883150159	-1.238305984	0.2	0.167	1
TMEM14B	0.885487472	-0.254455762	0.5	0.417	1
DYNLT1	0.885487472	-0.712561255	0.5	0.417	1
SRP72	0.885487472	-1.092359505	0.5	0.417	1
C4H6ORF62	0.889857161	0.67875334	0.5	0.583	1
HNRNPU	0.892517445	-0.341631423	0.7	0.583	1
ARHGAP5	0.892857082	0.545655632	0.2	0.25	1
APOA1BP	0.892857082	-0.490143979	0.2	0.25	1
TAPBPL	0.892857082	-0.583877822	0.2	0.25	1
ACOT9	0.892857082	-0.636614929	0.2	0.25	1
TCP11L2	0.904792739	-0.653397529	0.3	0.333	1
QRICH1	0.904792739	-0.915462849	0.3	0.333	1
TNPO3	0.904792739	-1.904093623	0.3	0.333	1
UFC1	0.9086525	-0.353104206	0.4	0.333	1
HBXIP	0.9086525	-0.530715249	0.4	0.333	1
NKAP	0.9086525	-0.622805779	0.4	0.333	1
ZNRD1	0.9086525	-0.668446377	0.4	0.333	1
JMY	0.9086525	-0.959074335	0.4	0.333	1
DOK2	0.9086525	-1.058489594	0.4	0.333	1
SMC1A	0.911643381	1.301919318	0.4	0.417	1
ZCRB1	0.911643381	0.320970002	0.4	0.417	1
DDX47	0.911643381	0.28633328	0.4	0.417	1
FAM214A	0.911643381	-0.669005201	0.5	0.333	1
RBBP7	0.915828928	-0.431999388	0.5	0.5	1
SLC38A1	0.915828928	-0.515975983	0.5	0.5	1
PRPF38B	0.917277503	-0.752396238	0.6	0.5	1
HERC6	0.918408649	-0.730828276	0.6	0.583	1
RSL24D1	0.919280901	-0.927277658	0.8	0.5	1
RPL7A.1	0.921123219	-0.403457181	0.9	0.833	1
CCDC12	0.933048173	0.459042265	0.3	0.25	1
PARP12	0.933048173	-0.301347141	0.3	0.25	1
C15orf61	0.933048173	-0.327328355	0.3	0.25	1
AAK1	0.933048173	-0.333220951	0.3	0.25	1
TCF12	0.933048173	-0.366544511	0.3	0.25	1
CLK3	0.933048173	-0.374986888	0.3	0.25	1
AP3B1	0.933048173	-0.477038045	0.3	0.25	1
DHRS7	0.933048173	-0.50749268	0.3	0.25	1
AGA	0.933048173	-0.517871554	0.3	0.25	1
PIP4K2C	0.933048173	-0.565105533	0.3	0.25	1
SUCO	0.933048173	-0.665393867	0.3	0.25	1
CPSF3L	0.933048173	-0.700780553	0.3	0.25	1
RSBN1	0.933048173	-0.703942629	0.3	0.25	1
BTG3	0.933048173	-0.75766018	0.3	0.25	1
PNO1	0.933048173	-0.998586762	0.3	0.25	1
SERPINB1	0.933048173	-1.137620821	0.3	0.25	1
C8ORF40	0.933048173	-1.252942888	0.3	0.25	1
PHF10	0.933048173	-1.909326402	0.3	0.25	1
TRMT10C	0.942595358	-0.610179627	0.5	0.417	1
CANX	0.942595358	-0.623452679	0.5	0.417	1
SAT1	0.942595358	-0.962787074	0.5	0.417	1
ABCD4	0.9609254	-0.272883242	0.2	0.167	1
M6PR	0.9609254	-0.301601251	0.2	0.167	1
APEX2	0.9609254	-0.369787206	0.2	0.167	1
DYRK1A	0.9609254	-0.372078808	0.2	0.167	1
C14ORF159	0.9609254	-0.380084286	0.2	0.167	1
PSEN1	0.9609254	-0.449339505	0.2	0.167	1
SCNM1	0.9609254	-0.618508087	0.2	0.167	1
EDC3	0.9609254	-0.633227507	0.2	0.167	1
PIGC	0.9609254	-0.657952824	0.2	0.167	1
ARL1	0.9609254	-0.659044704	0.2	0.167	1
TES	0.9609254	-0.825488824	0.2	0.167	1
NRIP1	0.9609254	-0.880225321	0.2	0.167	1
MLEC	0.9609254	-1.159534462	0.2	0.167	1
ZNF609	0.964189708	0.554692238	0.2	0.25	1
ATL2	0.964189708	0.407576786	0.2	0.25	1
TMX1	0.964189708	0.302080197	0.2	0.25	1
MAP3K2	0.968196984	0.436611141	0.3	0.333	1
DDOST	0.968196984	0.396548522	0.3	0.333	1
MEA1	0.968196984	0.345909397	0.3	0.333	1
TTC14	0.968196984	-0.612974158	0.3	0.333	1
ETFA	0.968196984	-0.908707473	0.3	0.333	1
CLECL1	0.969491447	-0.292712802	0.4	0.333	1
PCNT	0.969491447	-0.325801769	0.4	0.333	1
GTF3C6	0.969491447	-0.381490521	0.4	0.333	1
MARS	0.969491447	-0.415520201	0.4	0.333	1
FGFR1OP2	0.969491447	-0.429478787	0.4	0.333	1
TUBB2B.1	0.969491447	-0.574691035	0.4	0.333	1
KHDRBS1	0.969491447	-0.607980216	0.4	0.333	1
GZMA	0.969491447	-0.643142905	0.4	0.333	1
TUBB2B	0.969491447	-0.69741033	0.4	0.333	1
USP4	0.970494067	0.597627804	0.4	0.417	1
CCT8	0.970494067	0.569146627	0.4	0.417	1
SRP9	0.970494067	0.254441137	0.4	0.417	1
CCT5	0.970494067	-0.358187722	0.4	0.417	1
PHIP	0.970494067	-0.68809603	0.4	0.417	1
TTC37	0.970494067	-0.926822469	0.5	0.333	1
H2AFY	0.971279078	-0.346254856	0.4	0.5	1
LTB	0.971896546	-0.801592264	0.6	0.417	1
ABRACL	0.972381766	-0.331475187	0.6	0.5	1
SUMO4	0.972381766	-0.363201032	0.6	0.5	1
RBM8A	0.972381766	-0.670044699	0.6	0.5	1
DENND6A	0.972381766	-0.915686946	0.6	0.5	1
CUTA	0.972760602	-0.38306956	0.7	0.5	1
CD48	0.972760602	-0.3980146	0.7	0.5	1
C7orf50	0.972760602	-0.522023993	0.7	0.5	1
NEDD8	0.972760602	-0.534162124	0.7	0.5	1
CD69	0.973052697	0.337297879	0.6	0.667	1
ERBB2IP	0.973435582	-0.432462068	0.8	0.667	1
CDK13	1	1.2352033	0.4	0.333	1
PPIL4	1	0.287881848	0.4	0.417	1
PIGB	1	-0.253156084	0.2	0.167	1
SLC30A9	1	-0.263191262	0.2	0.167	1
RUNX2	1	-0.268820425	0.2	0.167	1
MTMR12	1	-0.272174543	0.3	0.25	1
PNPT1	1	-0.290330556	0.2	0.167	1
NCK2	1	-0.295109998	0.3	0.25	1
PRDX6	1	-0.295338909	0.6	0.5	1
RAB5A.1	1	-0.317702745	0.2	0.167	1
X5.Mar	1	-0.330341174	0.2	0.167	1
CBX5	1	-0.331658067	0.4	0.333	1
CNOT10	1	-0.338877977	0.3	0.25	1
ZNF593	1	-0.343095119	0.2	0.167	1
DLST	1	-0.352791435	0.2	0.167	1
ANP32E	1	-0.364044444	0.5	0.417	1
MOGS	1	-0.366378899	0.2	0.167	1
EBNA1BP2	1	-0.412230654	0.3	0.25	1
FAH	1	-0.41263002	0.3	0.25	1
ZNF655	1	-0.419579587	0.2	0.167	1
CTSS	1	-0.453020941	0.3	0.25	1
VRK2	1	-0.454457346	0.2	0.167	1
RELL1	1	-0.457043068	0.2	0.167	1
FKBP5	1	-0.45788846	0.4	0.333	1
FAM105A	1	-0.487377235	0.3	0.25	1
UGP2	1	-0.499993126	0.2	0.167	1
FLJ44606	1	-0.511792703	0.2	0.167	1
SETDB1	1	-0.51737828	0.2	0.167	1
C1ORF27	1	-0.555842125	0.2	0.167	1
DPP8	1	-0.565452066	0.2	0.167	1
CDC123	1	-0.569388702	0.3	0.25	1
RBM10	1	-0.570757058	0.5	0.417	1
TAF6	1	-0.597258297	0.2	0.167	1
SH3BGRL	1	-0.629452653	0.4	0.333	1
MYD88	1	-0.636765943	0.3	0.25	1
SLC39A8	1	-0.639771838	0.2	0.167	1
C1orf85	1	-0.666044094	0.3	0.25	1
RAB5A	1	-0.689466917	0.2	0.167	1
CA6	1	-0.693909514	0.3	0.25	1
ILF2	1	-0.702643278	0.5	0.417	1
MRPS22	1	-0.704222191	0.2	0.167	1
C5orf42	1	-0.721008406	0.2	0.167	1
PAK2	1	-0.731302223	0.7	0.5	1
DERL1	1	-0.731847223	0.3	0.25	1
CXCR3	1	-0.737294793	0.3	0.25	1
MRPS9	1	-0.753538461	0.2	0.167	1
DDX41	1	-0.759090166	0.2	0.167	1
NCK1	1	-0.77499054	0.3	0.25	1
ARAF	1	-0.786127783	0.3	0.25	1
PRPF39	1	-0.797293141	0.2	0.167	1
ZCCHC10	1	-0.798662356	0.4	0.417	1
ZNF638	1	-0.809317688	0.5	0.333	1
CCDC104	1	-0.822981547	0.2	0.167	1
TRIB2	1	-0.832690572	0.2	0.167	1
SLC30A7	1	-0.846018376	0.3	0.25	1
JUN	1	-0.848510162	0.6	0.5	1
ANKRA2	1	-0.851364346	0.2	0.167	1
ALG3	1	-0.885857975	0.2	0.167	1
TSPAN3	1	-0.915272994	0.2	0.167	1
DARS	1	-0.92434187	0.3	0.333	1
MTF2	1	-0.928701567	0.3	0.25	1
RSAD2	1	-0.943565544	0.2	0.167	1
GIMAP2	1	-0.951945586	0.2	0.167	1
HSPA13	1	-0.986578031	0.2	0.167	1
ARL4A	1	-1.089565448	0.3	0.25	1
SERPINA1	1	-1.108267812	0.2	0.167	1
ACP6	1	-1.10845143	0.2	0.167	1
ANKLE2	1	-1.125176189	0.2	0.167	1
NELFA	1	-1.219275916	0.3	0.25	1
PGRMC2	1	-1.514389354	0.3	0.25	1
PARP9	1	-1.553871721	0.2	0.167	1
GZMK	1	-2.140284336	0.2	0.167	1
CGA	1	-2.28427256	0.2	0.167	1
HSPA9	1	-4.375617688	0.7	0.5	1
